
    2.1319    2.0772    2.1150    2.0203   -2.1752   -2.1074   -2.0373   -2.0373   -1.9651   -0.3879    2.1319    2.0772    2.1150    2.1905
    1.6359    1.7047    1.7357    1.7718    2.0373    2.1074    2.1752    2.1752    2.2407    3.9384    1.6359    1.7047    1.7357    1.7977

  15 至 28 列

    2.0203    2.0571    2.1319    2.0772    2.1150    2.0203   -2.1074   -2.0373   -1.9651    2.1319    2.0772    2.1150    2.0203    2.1319
    1.7718    1.8040    1.6359    1.7047    1.7357    1.7718    2.1074    2.1752    2.2407    1.6359    1.7047    1.7357    1.7718    1.6359

  29 至 42 列

    2.0772    2.0203    2.0772   -2.1074   -2.0373   -1.9651   -1.8907   -2.2063   -2.0308   -0.2870   -0.4719   -0.2155   -0.2538   -0.3879
    1.7047    1.7718    1.7047    2.1074    2.1752    2.2407    2.3038    5.3264    5.3957    2.1798    3.5846    2.1880    2.5770    3.9384

  43 至 56 列

    2.1319    2.1706    2.0772    2.1150    2.1905    1.9836    2.0203    2.0571    2.1305    1.9613   -2.1074   -2.0373   -1.9651   -1.9973
    1.6359    1.6656    1.7047    1.7357    1.7977    1.7396    1.7718    1.8040    1.8684    1.8369    2.1074    2.1752    2.2407    2.2775

  57 至 70 列

   -1.8907   -1.9217   -1.8441    1.0679   -1.8375   -0.2870   -0.2155   -0.2538   -0.3879    2.1319    2.1706    2.2482    2.0772    2.1150
    2.3038    2.3416    2.4032    3.1460    5.4130    2.1798    2.1880    2.5770    3.9384    1.6359    1.6656    1.7251    1.7047    1.7357

  71 至 84 列

    2.1905    2.0203    2.0571    1.9613   -2.1074   -2.0373   -1.9651   -1.8907   -2.2063   -2.0308   -0.2870   -0.3380   -0.2155   -0.2538
    1.7977    1.7718    1.8040    1.8369    2.1074    2.1752    2.2407    2.3038    5.3264    5.3957    2.1798    2.5673    2.1880    2.5770

  85 至 98 列

   -0.3879    2.1319    2.1706    2.0395    2.0772    2.1150    2.1905    1.9836    2.0203    2.0571    2.0938    2.1305    1.9256    1.9613
    3.9384    1.6359    1.6656    1.6737    1.7047    1.7357    1.7977    1.7396    1.7718    1.8040    1.8362    1.8684    1.8035    1.8369

  99 至 112 列

   -2.0683    2.0383   -2.0038   -2.1074   -1.9371   -2.0039   -2.0373   -1.9651   -1.9973   -1.8907   -1.9217   -1.9837   -1.9035   -2.2063
    1.9371    2.0383    2.0038    2.1074    2.0683    2.1396    2.1752    2.2407    2.2775    2.3038    2.3416    2.4171    2.4807    5.3264

  113 至 126 列

   -2.0308   -0.2870   -0.2155   -0.2538   -0.3879    2.2240    2.1319    2.1706    2.0395    2.0772    2.1150    1.9836    2.0203    2.0571
    5.3957    2.1798    2.1880    2.5770    3.9384    1.5937    1.6359    1.6656    1.6737    1.7047    1.7357    1.7396    1.7718    1.8040

  127 至 140 列

    2.0938    1.9256    2.1039    2.0383   -2.1074   -2.0373   -1.9651   -1.9973   -1.8907   -1.9217   -1.8441    1.1531   -0.8765   -0.3380
    1.8362    1.8035    1.9705    2.0383    2.1074    2.1752    2.2407    2.2775    2.3038    2.3416    2.4032    3.0637    3.7589    2.5673

  141 至 154 列

   -0.2155   -0.2538   -0.3879    2.2240    2.1319    2.1706    2.2094    2.2482    2.0772    2.1150    2.1528    2.1905    1.9836    2.0203
    2.1880    2.5770    3.9384    1.5937    1.6359    1.6656    1.6953    1.7251    1.7047    1.7357    1.7667    1.7977    1.7396    1.7718

  155 至 168 列

    2.0571    2.0938    2.1305    1.9256    1.9613    1.9969    2.1039    2.0383    1.2527    1.1531   -0.2155   -0.3879    2.1319    2.1706
    1.8040    1.8362    1.8684    1.8035    1.8369    1.8703    1.9705    2.0383    3.0243    3.0637    2.1880    3.9384    1.6359    1.6656

  169 至 182 列

    2.0772    2.1150    2.0203    2.0571   -2.1074   -2.0373   -1.9651   -1.9217   -0.3879    2.1319    2.1706    2.2482    2.0772    2.1150
    1.7047    1.7357    1.7718    1.8040    2.1074    2.1752    2.2407    2.3416    3.9384    1.6359    1.6656    1.7251    1.7047    1.7357

  183 至 196 列

    2.1528    2.1905    2.0203    2.0571    2.0938    2.1305    1.9613   -0.2870   -0.2155   -0.3879    2.1319    2.1706    2.2482    2.0772
    1.7667    1.7977    1.7718    1.8040    1.8362    1.8684    1.8369    2.1798    2.1880    3.9384    1.6359    1.6656    1.7251    1.7047

  197 至 210 列

    2.1150    2.1905    2.0203    2.0571    2.1305    1.9613    1.9969    2.0383   -0.3879   -2.1074   -2.0373   -1.9651   -0.3879    2.1319
    1.7357    1.7977    1.7718    1.8040    1.8684    1.8369    1.8703    2.0383    3.9384    2.1074    2.1752    2.2407    3.9384    1.6359

  211 至 224 列

    2.1706    2.0772    2.1150    2.0203    2.0571    2.1319    2.0772   -4.1509   -4.0295   -2.1752   -2.1074   -2.0373   -1.9651   -0.3879
    1.6656    1.7047    1.7357    1.7718    1.8040    1.6359    1.7047    3.6402    3.7741    2.0373    2.1074    2.1752    2.2407    3.9384

  225 至 238 列

    2.1319    2.1706    2.2482    2.0772    2.1150    2.1905    2.0203   -2.0373   -1.9651   -0.2870   -0.2155   -0.2538   -0.3831   -0.3879
    1.6359    1.6656    1.7251    1.7047    1.7357    1.7977    1.7718    2.1752    2.2407    2.1798    2.1880    2.5770    3.8898    3.9384

  239 至 252 列

    2.1319    2.1706    2.0772    2.1150    2.0203    2.0571    1.9613   -2.1074   -2.0373   -1.9651   -1.9973   -1.8907   -1.9217   -1.8441
    1.6359    1.6656    1.7047    1.7357    1.7718    1.8040    1.8369    2.1074    2.1752    2.2407    2.2775    2.3038    2.3416    2.4032

  253 至 266 列

   -1.9035   -1.8214   -2.2063   -2.0136   -2.0308   -1.8375   -0.2155   -0.2538   -0.3879   -2.1074   -2.0373   -1.9651   -1.8907   -2.2063
    2.4807    2.5417    5.3264    5.3500    5.3957    5.4130    2.1880    2.5770    3.9384    2.1074    2.1752    2.2407    2.3038    5.3264

  267 至 280 列

   -2.0308   -0.2870   -0.4719   -0.2155   -0.2538   -0.3879   -0.5220    2.1319    2.1706    2.0395    2.0772    2.1150    1.9836    2.0203
    5.3957    2.1798    3.5846    2.1880    2.5770    3.9384    5.2999    1.6359    1.6656    1.6737    1.7047    1.7357    1.7396    1.7718

  281 至 294 列

    2.0571    2.0938    1.9256    1.9613    2.1039    2.0383   -2.1074   -2.0373   -1.9651   -1.8907   -1.9217    1.0679   -0.2870   -0.2155
    1.8040    1.8362    1.8035    1.8369    1.9705    2.0383    2.1074    2.1752    2.2407    2.3038    2.3416    3.1460    2.1798    2.1880

  295 至 308 列

   -0.2538   -0.3879    2.1319    2.1706    2.0772    2.1150    2.1528    2.1905    2.0203    2.0571   -2.0373   -1.9651   -2.2063   -2.0308
    2.5770    3.9384    1.6359    1.6656    1.7047    1.7357    1.7667    1.7977    1.7718    1.8040    2.1752    2.2407    5.3264    5.3957

  309 至 322 列

   -0.2870   -0.2155   -0.2538   -0.3879    2.1319    2.1706    2.2482    2.0772    2.1150    2.1528    2.1905    2.0203    2.0571    2.1305
    2.1798    2.1880    2.5770    3.9384    1.6359    1.6656    1.7251    1.7047    1.7357    1.7667    1.7977    1.7718    1.8040    1.8684

  323 至 336 列

   -0.2870   -0.2155   -0.3879    2.1319    2.1706    2.2482    2.0772    2.1150    2.1528    2.1905    2.0203    2.0571    2.0938    2.1305
    2.1798    2.1880    3.9384    1.6359    1.6656    1.7251    1.7047    1.7357    1.7667    1.7977    1.7718    1.8040    1.8362    1.8684

  337 至 350 列

   -0.2870   -0.2155   -0.3879    2.1319    2.1706    2.2482    2.0772    2.1150    2.1528    2.1905    2.0203    2.0571    2.0938    1.2527
    2.1798    2.1880    3.9384    1.6359    1.6656    1.7251    1.7047    1.7357    1.7667    1.7977    1.7718    1.8040    1.8362    3.0243

  351 至 364 列

    1.1531    1.0679   -0.2870   -0.2155   -0.3879    2.1319    2.1706    2.0772    2.1150    2.1528    2.1905    2.0203    2.0571   -2.1074
    3.0637    3.1460    2.1798    2.1880    3.9384    1.6359    1.6656    1.7047    1.7357    1.7667    1.7977    1.7718    1.8040    2.1074

  365 至 378 列

   -2.0373   -0.2870   -0.2155   -0.3879    2.1319    2.1706    2.0772    2.1150    2.0203    2.0571   -2.1074   -2.0373   -1.9651   -2.2063
    2.1752    2.1798    2.1880    3.9384    1.6359    1.6656    1.7047    1.7357    1.7718    1.8040    2.1074    2.1752    2.2407    5.3264

  379 至 392 列

   -2.0136   -2.0308   -1.8532   -0.2870   -0.2155   -0.2538    2.1319    2.1706    2.0772    2.1150    2.0203    2.0571   -2.1074   -2.0373
    5.3500    5.3957    5.4593    2.1798    2.1880    2.5770    1.6359    1.6656    1.7047    1.7357    1.7718    1.8040    2.1074    2.1752

  393 至 406 列

   -1.9651   -1.8907   -1.9217   -2.0308   -0.2870   -0.4719   -0.2155   -0.2538   -0.3879    2.1319    2.1706    2.0772    2.1150    2.1905
    2.2407    2.3038    2.3416    5.3957    2.1798    3.5846    2.1880    2.5770    3.9384    1.6359    1.6656    1.7047    1.7357    1.7977

  407 至 420 列

    2.0203    2.0571   -0.2870   -0.2155   -0.2538    2.1319    2.1706    2.0772    2.1150    2.1905    2.0203    2.0571    1.9613   -0.2870
    1.7718    1.8040    2.1798    2.1880    2.5770    1.6359    1.6656    1.7047    1.7357    1.7977    1.7718    1.8040    1.8369    2.1798

  421 至 434 列

   -0.2155   -0.3879    2.1319    2.1706    2.2094    2.0772    2.1150    2.1528    1.9836    2.0203    2.0571    2.0938    1.9256   -1.9651
    2.1880    3.9384    1.6359    1.6656    1.6953    1.7047    1.7357    1.7667    1.7396    1.7718    1.8040    1.8362    1.8035    2.2407

  435 至 448 列

    1.0679   -0.2155    2.1319    2.1706    2.0772    2.1150    2.1528    2.0203    2.0571    2.0938   -2.0373   -1.9651   -2.2063   -2.0136
    3.1460    2.1880    1.6359    1.6656    1.7047    1.7357    1.7667    1.7718    1.8040    1.8362    2.1752    2.2407    5.3264    5.3500

  449 至 462 列

   -2.0308   -1.8375   -1.8532   -0.2870   -0.3380   -0.2155   -0.2538    2.1319    2.1706    2.0772    2.1150    2.1528    2.1905    2.0203
    5.3957    5.4130    5.4593    2.1798    2.5673    2.1880    2.5770    1.6359    1.6656    1.7047    1.7357    1.7667    1.7977    1.7718

  463 至 476 列

    2.0571    2.0938    1.9613   -2.0136   -2.0308   -0.2870   -0.2155    2.1319    2.1706    2.0395    2.0772    2.1150    2.1528    1.9836
    1.8040    1.8362    1.8369    5.3500    5.3957    2.1798    2.1880    1.6359    1.6656    1.6737    1.7047    1.7357    1.7667    1.7396

  477 至 490 列

    2.0203    2.0571    2.0938    1.9256   -2.1074   -2.0373   -1.9651    1.0679   -1.1150   -1.0070   -0.3831   -0.3879    2.1706    2.1150
    1.7718    1.8040    1.8362    1.8035    2.1074    2.1752    2.2407    3.1460    3.2848    3.3195    3.8898    3.9384    1.6656    1.7357

  491 至 504 列

   -2.1074   -2.0373   -1.9651   -1.9973   -1.8907   -1.9217   -1.8441   -2.2063   -2.0136   -2.0308   -1.8375   -1.8532   -1.0070   -0.2870
    2.1074    2.1752    2.2407    2.2775    2.3038    2.3416    2.4032    5.3264    5.3500    5.3957    5.4130    5.4593    3.3195    2.1798

  505 至 518 列

   -0.2155   -0.3879    2.1319    2.1706    2.0395    2.0772    2.1150    2.1528    1.9836    2.0203    2.0571    2.0938    1.9256   -2.1074
    2.1880    3.9384    1.6359    1.6656    1.6737    1.7047    1.7357    1.7667    1.7396    1.7718    1.8040    1.8362    1.8035    2.1074

  519 至 532 列

   -2.0373   -1.9651   -1.9973   -1.9217   -1.8441   -2.0308   -0.2870   -0.2155   -0.3879    2.1319    2.1706    2.0772    2.1150    2.1528
    2.1752    2.2407    2.2775    2.3416    2.4032    5.3957    2.1798    2.1880    3.9384    1.6359    1.6656    1.7047    1.7357    1.7667

  533 至 546 列

    2.1905    2.0203    2.0571    2.0938    1.9613   -2.0373   -1.9651   -0.2870   -0.2155    2.0772    2.0203   -2.1074   -2.0373   -1.9651
    1.7977    1.7718    1.8040    1.8362    1.8369    2.1752    2.2407    2.1798    2.1880    1.7047    1.7718    2.1074    2.1752    2.2407

  547 至 560 列

   -1.9973   -1.9217   -1.8441   -2.0136   -2.0308   -1.8375   -1.0070   -0.2870   -0.2155   -0.3879    2.1319    2.0772    2.1150    2.0203
    2.2775    2.3416    2.4032    5.3500    5.3957    5.4130    3.3195    2.1798    2.1880    3.9384    1.6359    1.7047    1.7357    1.7718

  561 至 574 列

    2.0571   -2.1074   -2.0373   -1.9651   -2.2063   -2.0136   -2.0308   -1.8375   -1.8532   -0.2870   -0.2155   -0.2538   -0.3879    2.1319
    1.8040    2.1074    2.1752    2.2407    5.3264    5.3500    5.3957    5.4130    5.4593    2.1798    2.1880    2.5770    3.9384    1.6359

  575 至 588 列

    2.0772    2.0203   -2.1074   -2.0373   -1.9651   -2.0308   -0.2870   -0.2155   -0.2538   -0.3879    2.1319    2.0772    2.1150    2.0203
    1.7047    1.7718    2.1074    2.1752    2.2407    5.3957    2.1798    2.1880    2.5770    3.9384    1.6359    1.7047    1.7357    1.7718

  589 至 602 列

    2.0571   -2.1074   -2.0373   -1.9651   -2.2063   -2.0136   -2.0308   -1.8375   -1.8532   -0.2870   -0.2155   -0.2538   -0.3879    2.1319
    1.8040    2.1074    2.1752    2.2407    5.3264    5.3500    5.3957    5.4130    5.4593    2.1798    2.1880    2.5770    3.9384    1.6359

  603 至 616 列

    2.1706    2.0772    2.1150    1.9836    2.0203    2.0571    1.9256   -2.1074   -2.0373   -1.9651   -2.0617   -1.9217   -1.9837   -1.9035
    1.6656    1.7047    1.7357    1.7396    1.7718    1.8040    1.8035    2.1074    2.1752    2.2407    2.3509    2.3416    2.4171    2.4807

  617 至 630 列

   -2.2063   -2.0136   -2.0308   -1.1150   -1.8375   -1.8532   -1.0070   -0.8978   -0.2870   -0.2155   -0.3879    2.1319    2.1706    2.2482
    5.3264    5.3500    5.3957    3.2848    5.4130    5.4593    3.3195    3.3507    2.1798    2.1880    3.9384    1.6359    1.6656    1.7251

  631 至 644 列

    2.0395    2.0772    2.1150    2.1528    2.1905    1.9836    2.0203    2.0571    2.0938    1.9256   -2.1074    2.0039   -2.0373   -1.9651
    1.6737    1.7047    1.7357    1.7667    1.7977    1.7396    1.7718    1.8040    1.8362    1.8035    2.1074    2.1396    2.1752    2.2407

  645 至 658 列

   -1.9217    1.0679   -0.2870   -0.3380   -0.2155   -0.2538    2.1319    2.1706    2.0772    2.1150    2.1528    2.1905    1.9836    2.0203
    2.3416    3.1460    2.1798    2.5673    2.1880    2.5770    1.6359    1.6656    1.7047    1.7357    1.7667    1.7977    1.7396    1.7718

  659 至 672 列

    2.0571    2.0938    1.9256    1.9613   -2.1074   -2.0373   -1.9651   -0.2870   -0.3380   -0.2155   -0.2538    2.1319    2.1706    2.0772
    1.8040    1.8362    1.8035    1.8369    2.1074    2.1752    2.2407    2.1798    2.5673    2.1880    2.5770    1.6359    1.6656    1.7047

  673 至 686 列

    2.1150    2.0203    2.0571   -2.0729   -2.1074   -1.9371   -2.0039   -2.0373   -1.9329   -1.9651   -1.9973   -1.8907   -1.9217   -1.9837
    1.7357    1.7718    1.8040    2.0729    2.1074    2.0683    2.1396    2.1752    2.2040    2.2407    2.2775    2.3038    2.3416    2.4171

  687 至 700 列

   -1.8441   -1.9035   -1.8214   -1.7372   -2.2063   -2.0308   -1.1150   -1.8375   -1.8532   -1.0070   -0.2870   -0.2155   -0.2538   -0.3879
    2.4032    2.4807    2.5417    2.5999    5.3264    5.3957    3.2848    5.4130    5.4593    3.3195    2.1798    2.1880    2.5770    3.9384

  701 至 714 列

    2.1319    2.0772    2.1150    2.0203   -2.1074   -2.0373   -1.9651   -2.2063   -2.0136   -2.0308   -1.8375   -1.8532   -1.0070   -1.6736
    1.6359    1.7047    1.7357    1.7718    2.1074    2.1752    2.2407    5.3264    5.3500    5.3957    5.4130    5.4593    3.3195    5.5170

  715 至 728 列

   -0.2870   -0.3380   -0.2155   -0.2538    2.1319    2.1706    2.0772    2.1150    2.0203   -2.1074   -2.0373   -1.9651   -1.9973   -1.8907
    2.1798    2.5673    2.1880    2.5770    1.6359    1.6656    1.7047    1.7357    1.7718    2.1074    2.1752    2.2407    2.2775    2.3038

  729 至 742 列

   -1.9217   -1.9837   -1.8441   -1.9035   -2.2063   -2.0136   -2.0308   -1.1150   -1.8375   -1.8532   -1.0070   -0.8978   -0.2870   -0.2155
    2.3416    2.4171    2.4032    2.4807    5.3264    5.3500    5.3957    3.2848    5.4130    5.4593    3.3195    3.3507    2.1798    2.1880

  743 至 756 列

   -0.2538   -0.3879    2.1319    2.1706    2.0772    2.1150    1.9836    2.0203    2.0571    1.9256   -2.1074   -2.0373   -1.9651   -1.9837
    2.5770    3.9384    1.6359    1.6656    1.7047    1.7357    1.7396    1.7718    1.8040    1.8035    2.1074    2.1752    2.2407    2.4171

  757 至 770 列

   -1.9035   -1.8214   -2.2063   -2.0136   -2.0308   -1.1150   -1.8375   -1.0070   -0.8978   -0.2870   -0.2155   -0.3879   -2.1752   -2.1074
    2.4807    2.5417    5.3264    5.3500    5.3957    3.2848    5.4130    3.3195    3.3507    2.1798    2.1880    3.9384    2.0373    2.1074

  771 至 784 列

   -2.0373   -2.0707   -1.9651   -1.9973   -1.9217   -1.8441   -2.0136   -2.0308   -1.8375   -1.0070   -0.8978   -0.2870   -0.2155   -0.2538
    2.1752    2.2109    2.2407    2.2775    2.3416    2.4032    5.3500    5.3957    5.4130    3.3195    3.3507    2.1798    2.1880    2.5770

  785 至 798 列

    2.0772    2.1150    2.0203   -2.1074   -2.0373   -1.9651   -1.8907   -2.0136   -2.0308   -1.8375   -1.0070   -0.8978   -0.2870   -0.3380
    1.7047    1.7357    1.7718    2.1074    2.1752    2.2407    2.3038    5.3500    5.3957    5.4130    3.3195    3.3507    2.1798    2.5673

  799 至 812 列

   -0.2155   -0.2538   -0.3879    2.1319    2.1706    2.0772    2.1150    2.1528    2.1905    2.0203    2.0571    2.0938    1.9613   -2.1074
    2.1880    2.5770    3.9384    1.6359    1.6656    1.7047    1.7357    1.7667    1.7977    1.7718    1.8040    1.8362    1.8369    2.1074

  813 至 826 列

   -2.0373   -1.9651   -2.0136   -2.0308   -1.8375   -1.8532   -0.2870   -0.3380   -0.2155   -0.2538    2.1319    2.1706    2.2482    2.0772
    2.1752    2.2407    5.3500    5.3957    5.4130    5.4593    2.1798    2.5673    2.1880    2.5770    1.6359    1.6656    1.7251    1.7047

  827 至 840 列

    2.1150    2.1905    1.9836    2.0203    2.0571    2.1305    1.9256    1.9613   -2.1074   -2.0373   -1.9651    1.1703    1.0679    0.9644
    1.7357    1.7977    1.7396    1.7718    1.8040    1.8684    1.8035    1.8369    2.1074    2.1752    2.2407    3.1094    3.1460    3.1793

  841 至 854 列

    2.1319    2.1706    2.2482    2.0395    2.0772    2.1150    2.1528    2.1905    1.9836    2.0203    2.0571    2.0938    1.9256   -2.0373
    1.6359    1.6656    1.7251    1.6737    1.7047    1.7357    1.7667    1.7977    1.7396    1.7718    1.8040    1.8362    1.8035    2.1752

  855 至 868 列

    1.1703    1.0679    2.1706    2.1150   -2.1752   -2.0729   -2.1074   -2.0039   -2.0373   -1.9329   -1.9651   -1.9973   -2.0617   -1.8907
    3.1094    3.1460    1.6656    1.7357    2.0373    2.0729    2.1074    2.1396    2.1752    2.2040    2.2407    2.2775    2.3509    2.3038

  869 至 882 列

   -1.9217   -1.9837   -1.9035   -2.2063   -2.0136   -2.0308   -1.1150   -1.8375   -1.8532   -1.0070   -0.8978   -0.2870   -0.3380   -0.2155
    2.3416    2.4171    2.4807    5.3264    5.3500    5.3957    3.2848    5.4130    5.4593    3.3195    3.3507    2.1798    2.5673    2.1880

  883 至 896 列

   -0.2538   -0.3927    2.1319    2.1706    2.2482    2.0772    2.1150    2.1905    2.0203    2.1305   -2.1074   -2.0373   -1.9651    2.1319
    2.5770    3.9871    1.6359    1.6656    1.7251    1.7047    1.7357    1.7977    1.7718    1.8684    2.1074    2.1752    2.2407    1.6359

  897 至 910 列

    2.1706    2.0772    2.1150    2.0203    2.0571    2.0938   -2.1074   -2.0039   -2.0373   -1.9329   -1.9651   -1.9973   -1.9217   -1.8441
    1.6656    1.7047    1.7357    1.7718    1.8040    1.8362    2.1074    2.1396    2.1752    2.2040    2.2407    2.2775    2.3416    2.4032

  911 至 924 列

   -1.9035   -1.0589   -0.9880   -2.2063   -2.0136   -2.0308   -1.8375   -1.8532   -1.0070   -0.2870   -0.2155   -0.2538   -0.3879    2.1319
    2.4807    2.1471    2.1806    5.3264    5.3500    5.3957    5.4130    5.4593    3.3195    2.1798    2.1880    2.5770    3.9384    1.6359

  925 至 938 列

    2.1706    2.2094    2.2482    2.0772    2.1150    2.1528    2.1905    1.9836    2.0203    2.0571    2.0938    1.9256    2.0729    2.0039
    1.6656    1.6953    1.7251    1.7047    1.7357    1.7667    1.7977    1.7396    1.7718    1.8040    1.8362    1.8035    2.0729    2.1396

  939 至 952 列

   -2.0308   -1.8375   -1.8532   -1.6736   -0.2870   -0.2155   -0.2538    2.1319    2.1706    2.2482    2.0395    2.0772    2.1150    2.1528
    5.3957    5.4130    5.4593    5.5170    2.1798    2.1880    2.5770    1.6359    1.6656    1.7251    1.6737    1.7047    1.7357    1.7667

  953 至 966 列

    2.1905    1.9836    2.0203    2.0571    2.0938    1.9256    1.8656   -2.1074   -2.0373   -1.9651   -1.9217    1.1703    1.0679   -0.2155
    1.7977    1.7396    1.7718    1.8040    1.8362    1.8035    1.8656    2.1074    2.1752    2.2407    2.3416    3.1094    3.1460    2.1880

  967 至 980 列

   -0.2538    2.1319    2.1706    2.0772    2.1150    2.1528    2.0203    2.0571    2.0938   -2.1074   -2.0373   -1.9651   -1.9217   -2.2063
    2.5770    1.6359    1.6656    1.7047    1.7357    1.7667    1.7718    1.8040    1.8362    2.1074    2.1752    2.2407    2.3416    5.3264

  981 至 994 列

   -2.0136   -2.0308   -1.8375   -1.8532   -1.0070   -0.2870   -0.3380   -0.2155   -0.2538   -0.3879   -2.1074   -2.0373   -1.9651   -1.9973
    5.3500    5.3957    5.4130    5.4593    3.3195    2.1798    2.5673    2.1880    2.5770    3.9384    2.1074    2.1752    2.2407    2.2775

  995 至 1008 列

   -1.9217   -1.8441   -1.0070   -0.8978   -0.2155   -0.3879    2.1319    2.1706    2.0772    2.1150    2.1528    2.1905    2.0203    2.0571
    2.3416    2.4032    3.3195    3.3507    2.1880    3.9384    1.6359    1.6656    1.7047    1.7357    1.7667    1.7977    1.7718    1.8040

  1009 至 1022 列

    2.0938    1.9613   -2.1074   -2.0373   -1.9651   -2.0308   -0.2870   -0.2155   -0.2538    2.1319    2.1706    2.2094    2.0772    2.1150
    1.8362    1.8369    2.1074    2.1752    2.2407    5.3957    2.1798    2.1880    2.5770    1.6359    1.6656    1.6953    1.7047    1.7357

  1023 至 1036 列

    2.1528    2.0203    2.0571    2.0938   -2.0136   -2.0308   -0.2870   -0.3380   -0.2155   -0.2538    2.0772    2.1150    2.0203   -2.1752
    1.7667    1.7718    1.8040    1.8362    5.3500    5.3957    2.1798    2.5673    2.1880    2.5770    1.7047    1.7357    1.7718    2.0373

  1037 至 1050 列

   -2.1074   -2.0373   -0.3879   -2.1074   -2.0373   -1.9651   -1.9973   -1.8907   -1.9217   -1.8441   -2.2063   -2.0136   -2.0308   -1.8375
    2.1074    2.1752    3.9384    2.1074    2.1752    2.2407    2.2775    2.3038    2.3416    2.4032    5.3264    5.3500    5.3957    5.4130

  1051 至 1064 列

   -1.8532   -1.0070   -0.8978   -0.2870   -0.2155   -0.3879    2.1319    2.1706    2.0772    2.1150    2.0203    2.0571   -2.0373   -1.9651
    5.4593    3.3195    3.3507    2.1798    2.1880    3.9384    1.6359    1.6656    1.7047    1.7357    1.7718    1.8040    2.1752    2.2407

  1065 至 1078 列

   -2.2063   -2.0136   -2.0308   -1.8532   -0.2870   -0.3380   -0.2155   -0.2538   -0.3879    2.1319    2.0772    2.1150    2.0203   -2.1074
    5.3264    5.3500    5.3957    5.4593    2.1798    2.5673    2.1880    2.5770    3.9384    1.6359    1.7047    1.7357    1.7718    2.1074

  1079 至 1092 列

   -2.0373   -1.9651   -1.9217   -1.8441   -2.2063   -2.0136   -2.0308   -1.8375   -1.8532   -1.0070   -0.2870   -0.3380   -0.4719   -0.2155
    2.1752    2.2407    2.3416    2.4032    5.3264    5.3500    5.3957    5.4130    5.4593    3.3195    2.1798    2.5673    3.5846    2.1880

  1093 至 1106 列

   -0.2538   -0.3879    2.1319    2.1706    2.0772    2.1150    2.0203    2.0571   -2.1074   -2.0373   -1.9651    2.1319    2.1706    2.0772
    2.5770    3.9384    1.6359    1.6656    1.7047    1.7357    1.7718    1.8040    2.1074    2.1752    2.2407    1.6359    1.6656    1.7047

  1107 至 1120 列

    2.1150    2.1905    2.0203    2.0571   -2.0373   -2.0136   -2.0308   -1.8375   -1.8532   -0.2870   -0.2155   -0.2538    2.1319    2.1706
    1.7357    1.7977    1.7718    1.8040    2.1752    5.3500    5.3957    5.4130    5.4593    2.1798    2.1880    2.5770    1.6359    1.6656

  1121 至 1134 列

    2.2094    2.2482    2.0772    2.1150    2.1528    2.1905    1.9836    2.0203    2.0571    2.0938    1.9256    1.9613   -2.0308   -0.2870
    1.6953    1.7251    1.7047    1.7357    1.7667    1.7977    1.7396    1.7718    1.8040    1.8362    1.8035    1.8369    5.3957    2.1798

  1135 至 1148 列

   -0.2155    2.1319    2.0772    2.1150    2.0203    2.0571   -2.1074   -2.0039   -2.0373   -2.1375   -1.9329   -1.9651   -1.9973   -2.0617
    2.1880    1.6359    1.7047    1.7357    1.7718    1.8040    2.1074    2.1396    2.1752    2.2822    2.2040    2.2407    2.2775    2.3509

  1149 至 1162 列

   -1.8597   -1.8907   -1.9217   -1.9837   -2.2063   -2.0136   -2.0308   -1.8375   -1.8532   -1.0070   -0.8978   -0.2870   -0.3380   -0.2155
    2.2661    2.3038    2.3416    2.4171    5.3264    5.3500    5.3957    5.4130    5.4593    3.3195    3.3507    2.1798    2.5673    2.1880

  1163 至 1176 列

   -0.2538   -0.3879   -0.3927    2.1319    2.1706    2.0772    2.1150    2.1528    2.1905    2.0203    2.0571    2.0938    1.9613   -2.1074
    2.5770    3.9384    3.9871    1.6359    1.6656    1.7047    1.7357    1.7667    1.7977    1.7718    1.8040    1.8362    1.8369    2.1074

  1177 至 1190 列

   -2.0373   -1.9651   -2.0136   -2.0308   -1.8532   -0.2870   -0.3380   -0.2155   -0.2538    2.1319    2.1706    2.0772    2.1150    2.0203
    2.1752    2.2407    5.3500    5.3957    5.4593    2.1798    2.5673    2.1880    2.5770    1.6359    1.6656    1.7047    1.7357    1.7718

  1191 至 1204 列

    2.0571   -2.2063   -2.0136   -2.0308   -1.8375   -1.8532   -0.2870   -0.2155   -0.2538   -0.3879    2.1319    2.1706    2.2482    2.0772
    1.8040    5.3264    5.3500    5.3957    5.4130    5.4593    2.1798    2.1880    2.5770    3.9384    1.6359    1.6656    1.7251    1.7047

  1205 至 1218 列

    2.1150    2.1528    2.1905    2.0203    2.0571    2.0938    1.9613   -2.2063   -2.0308   -1.8532   -0.2870   -0.2155   -0.2538    2.1319
    1.7357    1.7667    1.7977    1.7718    1.8040    1.8362    1.8369    5.3264    5.3957    5.4593    2.1798    2.1880    2.5770    1.6359

  1219 至 1232 列

    2.1706    2.2482    2.0772    2.1150    2.1528    2.1905    2.0203    2.0571   -2.1074   -2.0373   -1.9651   -2.2063   -2.0136   -2.0308
    1.6656    1.7251    1.7047    1.7357    1.7667    1.7977    1.7718    1.8040    2.1074    2.1752    2.2407    5.3264    5.3500    5.3957

  1233 至 1246 列

   -1.8375   -1.8532    0.8038    0.6441   -0.2870   -0.3380   -0.2155   -0.2538   -0.3927    2.1319    2.1706    2.0395    2.0772    2.1150
    5.4130    5.4593    4.8687    4.8924    2.1798    2.5673    2.1880    2.5770    3.9871    1.6359    1.6656    1.6737    1.7047    1.7357

  1247 至 1260 列

    1.9836    2.0203    2.0571    1.9256    1.9969   -2.2822   -2.1074   -2.2111   -2.0373   -2.1375   -1.9651   -1.8907   -2.2063   -2.0136
    1.7396    1.7718    1.8040    1.8035    1.8703    2.1375    2.1074    2.2111    2.1752    2.2822    2.2407    2.3038    5.3264    5.3500

  1261 至 1274 列

   -2.0308   -1.1150   -1.8375   -1.8532   -1.0070   -0.3380   -0.2155   -0.2538   -0.3879   -0.3927    2.1319    2.0772    2.1150    2.0203
    5.3957    3.2848    5.4130    5.4593    3.3195    2.5673    2.1880    2.5770    3.9384    3.9871    1.6359    1.7047    1.7357    1.7718

  1275 至 1288 列

    2.0571   -2.1074   -2.0373   -1.9651   -2.2063   -2.0136   -2.0308   -1.8532   -0.2870   -0.4719   -0.2155   -0.2538   -0.3879   -0.3927
    1.8040    2.1074    2.1752    2.2407    5.3264    5.3500    5.3957    5.4593    2.1798    3.5846    2.1880    2.5770    3.9384    3.9871

  1289 至 1302 列

    3.3757    2.1319    2.1706    2.2482    3.2947    2.0395    2.0772    2.1150    2.1905    1.9836    2.0203    2.0571    1.9256   -2.1074
    2.4190    1.6359    1.6656    1.7251    2.5281    1.6737    1.7047    1.7357    1.7977    1.7396    1.7718    1.8040    1.8035    2.1074

  1303 至 1316 列

   -2.0373   -1.9651   -1.9973   -1.9217   -1.9837   -1.8441   -1.9035   -2.2063    1.1703   -2.0136   -2.0308    1.0679   -1.1150   -1.8375
    2.1752    2.2407    2.2775    2.3416    2.4171    2.4032    2.4807    5.3264    3.1094    5.3500    5.3957    3.1460    3.2848    5.4130

  1317 至 1330 列

   -1.8532   -1.0070   -0.8978   -0.2870   -0.2155   -0.2538   -0.3879   -0.3927   -2.1074   -2.0039   -2.0373   -1.9329   -1.9651   -1.9973
    5.4593    3.3195    3.3507    2.1798    2.1880    2.5770    3.9384    3.9871    2.1074    2.1396    2.1752    2.2040    2.2407    2.2775

  1331 至 1344 列

   -1.8907   -1.9217   -1.8441   -2.2063   -2.0136   -2.0308   -1.8375   -1.8532   -1.0070   -0.8978   -0.2870   -0.3380   -0.2155   -0.2538
    2.3038    2.3416    2.4032    5.3264    5.3500    5.3957    5.4130    5.4593    3.3195    3.3507    2.1798    2.5673    2.1880    2.5770

  1345 至 1358 列

   -0.3879   -0.3927    2.1319    2.1706    2.2482    2.0395    2.0772    2.1150    2.1528    2.1905    1.9836    2.0203    2.0571    2.0938
    3.9384    3.9871    1.6359    1.6656    1.7251    1.6737    1.7047    1.7357    1.7667    1.7977    1.7396    1.7718    1.8040    1.8362

  1359 至 1372 列

    1.9256    2.1039    2.0383   -2.1074   -2.0373   -1.9651    1.0679    0.9627    0.8038   -0.2870   -0.2155   -0.2538   -0.3927    2.1319
    1.8035    1.9705    2.0383    2.1074    2.1752    2.2407    3.1460    4.8398    4.8687    2.1798    2.1880    2.5770    3.9871    1.6359

  1373 至 1386 列

    2.1706    2.0772    2.1150    2.0203    2.0571   -2.1074   -2.0373   -1.9651   -2.2063   -2.0136   -2.0308   -1.8375   -1.8532   -0.2870
    1.6656    1.7047    1.7357    1.7718    1.8040    2.1074    2.1752    2.2407    5.3264    5.3500    5.3957    5.4130    5.4593    2.1798

  1387 至 1400 列

   -0.3380   -0.2155   -0.2538   -0.3879   -0.3927    2.1319    2.1706    2.2482    2.0772    2.1150    2.1528    2.1905    1.9836    2.0203
    2.5673    2.1880    2.5770    3.9384    3.9871    1.6359    1.6656    1.7251    1.7047    1.7357    1.7667    1.7977    1.7396    1.7718

  1401 至 1414 列

    2.0571    2.0938    1.9256    1.9613   -2.1074   -2.0373   -1.9651   -0.2870   -0.2155   -0.2538   -2.1074   -2.0373   -1.9651   -1.8907
    1.8040    1.8362    1.8035    1.8369    2.1074    2.1752    2.2407    2.1798    2.1880    2.5770    2.1074    2.1752    2.2407    2.3038

  1415 至 1428 列

   -1.9217   -2.0136   -1.8375   -1.0070   -0.8978   -0.2155   -0.3879   -2.1074   -2.0373   -1.9651   -1.9217   -0.3380   -0.2538    2.1319
    2.3416    5.3500    5.4130    3.3195    3.3507    2.1880    3.9384    2.1074    2.1752    2.2407    2.3416    2.5673    2.5770    1.6359

  1429 至 1442 列

    2.1706    2.0772    2.1150    2.1528    2.0203    2.0571    2.0938   -2.2063   -2.0136   -2.0308   -1.8375   -1.8532   -0.2870   -0.3380
    1.6656    1.7047    1.7357    1.7667    1.7718    1.8040    1.8362    5.3264    5.3500    5.3957    5.4130    5.4593    2.1798    2.5673

  1443 至 1456 列

   -0.2155   -0.2538   -0.3927    2.1319    2.1706    2.2482    2.0772    2.1150    2.1528    2.1905    1.9836    2.0203    2.0571    2.0938
    2.1880    2.5770    3.9871    1.6359    1.6656    1.7251    1.7047    1.7357    1.7667    1.7977    1.7396    1.7718    1.8040    1.8362

  1457 至 1470 列

    1.9256   -2.1074   -2.0373   -1.9651   -0.3380   -0.2538   -0.3879    2.0772    2.1150    2.0203   -2.1074   -2.0373   -1.9651   -2.2063
    1.8035    2.1074    2.1752    2.2407    2.5673    2.5770    3.9384    1.7047    1.7357    1.7718    2.1074    2.1752    2.2407    5.3264

  1471 至 1484 列

   -2.0136   -2.0308   -1.8375   -1.8532   -0.2870   -0.3380   -0.2155   -0.2538   -0.3927    2.0772    2.1150    2.0203   -2.1074   -2.0373
    5.3500    5.3957    5.4130    5.4593    2.1798    2.5673    2.1880    2.5770    3.9871    1.7047    1.7357    1.7718    2.1074    2.1752

  1485 至 1498 列

   -1.9651   -2.2063   -2.0136   -2.0308   -1.8375   -1.8532   -1.0070   -0.2870   -0.3380   -0.2155   -0.2538   -0.3879   -0.3927   -2.1074
    2.2407    5.3264    5.3500    5.3957    5.4130    5.4593    3.3195    2.1798    2.5673    2.1880    2.5770    3.9384    3.9871    2.1074

  1499 至 1512 列

   -2.0373   -1.9651   -2.2063   -2.0136   -2.0308   -1.8375   -1.8532   -1.0070   -0.2870   -0.3380   -0.2155   -0.2538   -0.3927    2.0772
    2.1752    2.2407    5.3264    5.3500    5.3957    5.4130    5.4593    3.3195    2.1798    2.5673    2.1880    2.5770    3.9871    1.7047

  1513 至 1526 列

    2.1150    2.0203   -2.1074   -2.0373   -1.9651   -2.0136   -2.0308   -1.8375   -1.8532   -1.0070   -0.2870   -0.3380   -0.2155   -0.2538
    1.7357    1.7718    2.1074    2.1752    2.2407    5.3500    5.3957    5.4130    5.4593    3.3195    2.1798    2.5673    2.1880    2.5770

  1527 至 1540 列

   -0.3879   -0.3927    2.1319    2.0772    2.1150    2.1528    2.0203    2.0571   -2.1074   -2.0373   -1.9651   -2.0136   -2.0308   -1.8375
    3.9384    3.9871    1.6359    1.7047    1.7357    1.7667    1.7718    1.8040    2.1074    2.1752    2.2407    5.3500    5.3957    5.4130

  1541 至 1554 列

   -1.8532   -0.2870   -0.3380   -0.2155   -0.2538   -0.3927   -2.1074   -2.0373   -1.9651   -0.2155   -0.2538   -0.3879    2.1319    2.1706
    5.4593    2.1798    2.5673    2.1880    2.5770    3.9871    2.1074    2.1752    2.2407    2.1880    2.5770    3.9384    1.6359    1.6656

  1555 至 1568 列

    2.2094    2.2482    2.0772    2.1150    2.1528    2.1905    2.0203    2.0571    2.0938   -0.2870   -0.2155   -0.2538    2.1319    2.1706
    1.6953    1.7251    1.7047    1.7357    1.7667    1.7977    1.7718    1.8040    1.8362    2.1798    2.1880    2.5770    1.6359    1.6656

  1569 至 1582 列

    2.2094    2.0772    2.1150    2.1528    2.1905    2.0203    2.0571    2.0938    1.9613   -0.2870   -0.2155   -0.2538   -0.3927    2.0772
    1.6953    1.7047    1.7357    1.7667    1.7977    1.7718    1.8040    1.8362    1.8369    2.1798    2.1880    2.5770    3.9871    1.7047

  1583 至 1596 列

    2.0203   -2.1074   -2.0373   -1.9651   -2.2063   -2.0136   -2.0308   -1.8375   -1.8532   -1.0070   -0.2870   -0.3380   -0.4719   -0.2155
    1.7718    2.1074    2.1752    2.2407    5.3264    5.3500    5.3957    5.4130    5.4593    3.3195    2.1798    2.5673    3.5846    2.1880

  1597 至 1610 列

   -0.2538    2.0772    2.0203   -2.1074   -2.0373   -1.9651   -2.0308   -1.8532   -1.0070   -0.2870   -0.3380   -0.2155   -0.2538    2.1319
    2.5770    1.7047    1.7718    2.1074    2.1752    2.2407    5.3957    5.4593    3.3195    2.1798    2.5673    2.1880    2.5770    1.6359

  1611 至 1624 列

    2.0772    2.1150    2.0203    2.0571   -2.1074   -2.0373   -1.9651   -2.0136   -2.0308   -1.8375   -1.0070   -0.2870   -0.3380   -0.2155
    1.7047    1.7357    1.7718    1.8040    2.1074    2.1752    2.2407    5.3500    5.3957    5.4130    3.3195    2.1798    2.5673    2.1880

  1625 至 1638 列

   -0.2538   -0.3879    2.1319    2.1706    2.0772    2.1150    2.1528    2.1905    2.0203    2.0571    1.9613   -2.2063   -2.0136   -2.0308
    2.5770    3.9384    1.6359    1.6656    1.7047    1.7357    1.7667    1.7977    1.7718    1.8040    1.8369    5.3264    5.3500    5.3957

  1639 至 1652 列

   -1.8375   -1.8532   -0.2870   -0.2155   -0.2538    2.1319    2.0772    2.1150    2.0203    1.9613   -2.1074   -2.0373   -1.9651   -2.2063
    5.4130    5.4593    2.1798    2.1880    2.5770    1.6359    1.7047    1.7357    1.7718    1.8369    2.1074    2.1752    2.2407    5.3264

  1653 至 1666 列

   -2.0136   -2.0308   -1.8375   -1.8532   -0.2870   -0.3380   -0.4719   -0.2155   -0.2538    2.1319    2.1706    2.0772    2.1150    2.0203
    5.3500    5.3957    5.4130    5.4593    2.1798    2.5673    3.5846    2.1880    2.5770    1.6359    1.6656    1.7047    1.7357    1.7718

  1667 至 1680 列

    2.0571   -2.1074   -2.0373   -1.9651   -2.2063   -2.0136   -2.0308   -1.8375   -1.8532   -0.2870   -0.4719   -0.2155   -0.2538   -0.3879
    1.8040    2.1074    2.1752    2.2407    5.3264    5.3500    5.3957    5.4130    5.4593    2.1798    3.5846    2.1880    2.5770    3.9384

  1681 至 1694 列

    2.1319    2.0772    2.1150    2.0203    2.0571   -2.1074   -2.0373   -2.0136   -2.0308   -1.8375   -1.8532   -0.2870   -0.3380   -0.4719
    1.6359    1.7047    1.7357    1.7718    1.8040    2.1074    2.1752    5.3500    5.3957    5.4130    5.4593    2.1798    2.5673    3.5846

  1695 至 1708 列

   -0.2155   -0.2538   -0.3544    2.1319    2.1706    2.0772    2.1150    2.1528    2.1905    2.0203    2.0571    2.0938    1.9613   -2.0308
    2.1880    2.5770    3.5981    1.6359    1.6656    1.7047    1.7357    1.7667    1.7977    1.7718    1.8040    1.8362    1.8369    5.3957

  1709 至 1722 列

   -0.2870   -0.2155   -0.2538    2.1319    2.1706    2.0772    2.1150    2.0203    2.0571   -2.1074   -2.0373   -1.9651   -1.9217   -2.0136
    2.1798    2.1880    2.5770    1.6359    1.6656    1.7047    1.7357    1.7718    1.8040    2.1074    2.1752    2.2407    2.3416    5.3500

  1723 至 1736 列

   -2.0308   -1.8375   -0.2870   -0.2155   -0.2538    2.1319    2.1706    2.2094    2.0772    2.1150    2.1528    2.0203    2.0571    2.0938
    5.3957    5.4130    2.1798    2.1880    2.5770    1.6359    1.6656    1.6953    1.7047    1.7357    1.7667    1.7718    1.8040    1.8362

  1737 至 1750 列

    2.1039   -2.1074   -2.0373   -1.9651   -2.2063   -2.0136   -2.0308   -1.8375   -1.8532    0.9627    0.8038    0.6441   -0.2870   -0.3380
    1.9705    2.1074    2.1752    2.2407    5.3264    5.3500    5.3957    5.4130    5.4593    4.8398    4.8687    4.8924    2.1798    2.5673

  1751 至 1764 列

   -0.2155   -0.2538   -0.3927    2.1319    2.1706    2.2482    2.0772    2.1150    2.1528    2.1905    2.0203    2.0571    2.0938    1.9969
    2.1880    2.5770    3.9871    1.6359    1.6656    1.7251    1.7047    1.7357    1.7667    1.7977    1.7718    1.8040    1.8362    1.8703

  1765 至 1778 列

    2.1039    2.0383   -2.1074   -2.0373   -1.9651   -2.0136   -2.0308   -1.8532    0.9627    0.8038    0.6441   -0.2870   -0.2155   -0.2538
    1.9705    2.0383    2.1074    2.1752    2.2407    5.3500    5.3957    5.4593    4.8398    4.8687    4.8924    2.1798    2.1880    2.5770

  1779 至 1792 列

   -0.3879   -0.3927    2.0772    2.0203   -2.1074   -2.0373   -1.9651   -2.2063   -2.0136   -2.0308   -1.8375   -1.8532   -0.2870   -0.3380
    3.9384    3.9871    1.7047    1.7718    2.1074    2.1752    2.2407    5.3264    5.3500    5.3957    5.4130    5.4593    2.1798    2.5673

  1793 至 1806 列

   -0.4719   -0.2155   -0.2538   -0.3879   -0.3927    2.1319    2.1706    2.0772    2.1150    2.1528    1.9836    2.0203    2.0571    2.0938
    3.5846    2.1880    2.5770    3.9384    3.9871    1.6359    1.6656    1.7047    1.7357    1.7667    1.7396    1.7718    1.8040    1.8362

  1807 至 1820 列

   -2.1074   -2.0373   -1.9651   -1.9973   -1.9217   -1.8441   -0.2870   -0.3380   -0.2155   -0.2538    2.1319    2.1706    2.0772    2.1150
    2.1074    2.1752    2.2407    2.2775    2.3416    2.4032    2.1798    2.5673    2.1880    2.5770    1.6359    1.6656    1.7047    1.7357

  1821 至 1834 列

    2.1528    2.1905    2.0203    2.0571    2.0938   -2.0136   -2.0308   -1.8375   -1.8532   -0.2870   -0.2155   -0.2538   -0.3927    2.1319
    1.7667    1.7977    1.7718    1.8040    1.8362    5.3500    5.3957    5.4130    5.4593    2.1798    2.1880    2.5770    3.9871    1.6359

  1835 至 1848 列

    2.1706    2.0772    2.1150    2.0203    2.0571   -2.0373   -1.9651   -2.2063   -2.0136   -2.0308   -1.8375   -1.8532   -0.2870   -0.2155
    1.6656    1.7047    1.7357    1.7718    1.8040    2.1752    2.2407    5.3264    5.3500    5.3957    5.4130    5.4593    2.1798    2.1880

  1849 至 1862 列

   -0.2538   -0.3927    2.1319    2.1706    2.0772    2.1150    2.1528    2.0203    2.0571   -2.0373   -1.9651   -0.2155   -0.2538   -0.3879
    2.5770    3.9871    1.6359    1.6656    1.7047    1.7357    1.7667    1.7718    1.8040    2.1752    2.2407    2.1880    2.5770    3.9384

  1863 至 1876 列

    2.1319    2.1706    2.0772    2.1150    2.1528    2.1905    2.0203    2.0571    1.9613   -2.0308   -0.2870   -0.2155   -0.2538   -0.3927
    1.6359    1.6656    1.7047    1.7357    1.7667    1.7977    1.7718    1.8040    1.8369    5.3957    2.1798    2.1880    2.5770    3.9871

  1877 至 1890 列

    2.1319    2.1706    2.0772    2.1150    2.1528    2.1905    2.0203    2.0571    2.0938    1.9613   -2.2063   -2.0308   -0.2870   -0.2155
    1.6359    1.6656    1.7047    1.7357    1.7667    1.7977    1.7718    1.8040    1.8362    1.8369    5.3264    5.3957    2.1798    2.1880

  1891 至 1904 列

    2.1319    2.1706    2.2094    2.0772    2.1150    2.1528    1.9836    2.0203    2.0571    2.0938    1.9256    2.1039   -2.0373   -0.2870
    1.6359    1.6656    1.6953    1.7047    1.7357    1.7667    1.7396    1.7718    1.8040    1.8362    1.8035    1.9705    2.1752    2.1798

  1905 至 1918 列

   -0.2155    2.1319    2.1706    2.0772    2.1150    2.0203    2.0571   -2.1074   -2.0373   -1.9651   -1.9973   -1.9217   -1.8441   -2.2063
    2.1880    1.6359    1.6656    1.7047    1.7357    1.7718    1.8040    2.1074    2.1752    2.2407    2.2775    2.3416    2.4032    5.3264

  1919 至 1932 列

   -2.0136   -2.0308   -1.8375   -1.8532   -1.0070   -0.2870   -0.4719   -0.2155   -0.2538   -0.3544    2.1319    2.1706    2.0772    2.1150
    5.3500    5.3957    5.4130    5.4593    3.3195    2.1798    3.5846    2.1880    2.5770    3.5981    1.6359    1.6656    1.7047    1.7357

  1933 至 1946 列

    2.1528    1.9836    2.0203    2.0571    2.0938    1.9256    2.1039   -2.1074   -2.0373   -1.9651   -1.9973   -1.8907   -1.9217   -1.8441
    1.7667    1.7396    1.7718    1.8040    1.8362    1.8035    1.9705    2.1074    2.1752    2.2407    2.2775    2.3038    2.3416    2.4032

  1947 至 1960 列

   -2.2063   -2.0136   -2.0308   -1.8375   -1.0070   -0.2870   -0.3380   -0.2155   -0.2538   -0.3879   -0.3927    2.1319    2.0772    2.1150
    5.3264    5.3500    5.3957    5.4130    3.3195    2.1798    2.5673    2.1880    2.5770    3.9384    3.9871    1.6359    1.7047    1.7357

  1961 至 1974 列

    2.0203   -2.1074   -2.0373   -1.9651   -1.9217   -1.8441   -2.2063   -2.0136   -2.0308   -1.8375   -1.8532   -1.0070   -0.2870   -0.4719
    1.7718    2.1074    2.1752    2.2407    2.3416    2.4032    5.3264    5.3500    5.3957    5.4130    5.4593    3.3195    2.1798    3.5846

  1975 至 1988 列

   -0.2155   -0.2538   -0.3544   -0.3879    2.1319    2.1706    2.2094    2.0772    2.1150    2.1528    2.1905    2.0203    2.0571    2.0938
    2.1880    2.5770    3.5981    3.9384    1.6359    1.6656    1.6953    1.7047    1.7357    1.7667    1.7977    1.7718    1.8040    1.8362

  1989 至 2002 列

    1.9613   -0.2870   -0.2155   -0.3927    2.1319    2.0772    2.1150    2.0203    2.0571   -2.1074   -2.0373   -1.9651   -2.2063   -2.0136
    1.8369    2.1798    2.1880    3.9871    1.6359    1.7047    1.7357    1.7718    1.8040    2.1074    2.1752    2.2407    5.3264    5.3500

  2003 至 2016 列

   -2.0308   -1.8375   -1.8532   -0.2870   -0.3380   -0.2155   -0.2538   -0.3879   -0.3927    2.1319    2.1706    2.0772    2.1150    2.0203
    5.3957    5.4130    5.4593    2.1798    2.5673    2.1880    2.5770    3.9384    3.9871    1.6359    1.6656    1.7047    1.7357    1.7718

  2017 至 2030 列

    2.0571   -2.1074   -2.0373   -1.9651   -2.2063   -2.0136   -2.0308   -1.8375   -1.8532   -0.2870   -0.2155   -0.2538   -0.3879   -0.3927
    1.8040    2.1074    2.1752    2.2407    5.3264    5.3500    5.3957    5.4130    5.4593    2.1798    2.1880    2.5770    3.9384    3.9871

  2031 至 2044 列

    2.1319    2.0772    2.1150    2.0203    2.0571   -2.1074   -2.0373   -1.9651   -1.9973   -1.9217   -2.2063   -2.0136   -2.0308   -1.8375
    1.6359    1.7047    1.7357    1.7718    1.8040    2.1074    2.1752    2.2407    2.2775    2.3416    5.3264    5.3500    5.3957    5.4130

  2045 至 2058 列

   -1.8532   -1.0070   -0.2870   -0.3380   -0.4719   -0.2155   -0.2538   -0.3927    2.1319    2.1706    2.0772    2.1150    2.1528    2.0203
    5.4593    3.3195    2.1798    2.5673    3.5846    2.1880    2.5770    3.9871    1.6359    1.6656    1.7047    1.7357    1.7667    1.7718

  2059 至 2072 列

    2.0571    2.0938   -2.0373   -1.9651   -2.2063   -2.0136   -2.0308   -1.8375   -1.8532   -0.2870   -0.2155   -0.2538   -0.3927    2.1319
    1.8040    1.8362    2.1752    2.2407    5.3264    5.3500    5.3957    5.4130    5.4593    2.1798    2.1880    2.5770    3.9871    1.6359

  2073 至 2086 列

    2.1706    2.0772    2.1150    2.1528    2.1905    2.0203    2.0571    2.0938    1.9256    1.9613    2.1039    2.0383   -2.1074   -2.0373
    1.6656    1.7047    1.7357    1.7667    1.7977    1.7718    1.8040    1.8362    1.8035    1.8369    1.9705    2.0383    2.1074    2.1752

  2087 至 2100 列

   -1.9651   -0.2870   -0.2155   -0.2538   -0.3927    2.0772   -2.1074   -2.0373   -1.9651   -1.9973   -1.9217   -1.8441   -2.2063   -2.0136
    2.2407    2.1798    2.1880    2.5770    3.9871    1.7047    2.1074    2.1752    2.2407    2.2775    2.3416    2.4032    5.3264    5.3500

  2101 至 2114 列

   -2.0308   -1.8375   -1.8532   -1.0070   -0.2870   -0.4719   -0.2155   -0.2538   -0.3879    2.1319    2.0772    2.1150    2.0203    2.0571
    5.3957    5.4130    5.4593    3.3195    2.1798    3.5846    2.1880    2.5770    3.9384    1.6359    1.7047    1.7357    1.7718    1.8040

  2115 至 2128 列

   -2.1074   -2.0373   -1.9651   -2.2063   -2.0136   -2.0308   -1.8375   -1.8532   -0.2870   -0.3380   -0.2155   -0.2538    2.1319    2.1706
    2.1074    2.1752    2.2407    5.3264    5.3500    5.3957    5.4130    5.4593    2.1798    2.5673    2.1880    2.5770    1.6359    1.6656

  2129 至 2142 列

    2.0772    2.1150    2.1528    2.0203    2.0571    2.0938   -2.1074   -2.0373   -1.9651   -2.2063   -2.0136   -2.0308   -1.8375   -1.8532
    1.7047    1.7357    1.7667    1.7718    1.8040    1.8362    2.1074    2.1752    2.2407    5.3264    5.3500    5.3957    5.4130    5.4593

  2143 至 2156 列

   -0.2870   -0.3380   -0.2155   -0.2538   -0.3927    2.1319    2.1706    2.0772    2.1150    2.0203    2.0571   -2.1074   -2.0373   -1.9651
    2.1798    2.5673    2.1880    2.5770    3.9871    1.6359    1.6656    1.7047    1.7357    1.7718    1.8040    2.1074    2.1752    2.2407

  2157 至 2170 列

   -2.2063   -2.0136   -2.0308   -1.8375   -1.8532   -0.2870   -0.2155   -0.2538   -0.3879   -0.3927    2.1319    2.1706    2.0772    2.1150
    5.3264    5.3500    5.3957    5.4130    5.4593    2.1798    2.1880    2.5770    3.9384    3.9871    1.6359    1.6656    1.7047    1.7357

  2171 至 2184 列

    1.9836    2.0203    2.0571    1.9256   -2.1074   -2.0373   -1.9651   -1.8907   -1.9217   -1.9837   -1.9035   -2.0136   -2.0308   -1.1150
    1.7396    1.7718    1.8040    1.8035    2.1074    2.1752    2.2407    2.3038    2.3416    2.4171    2.4807    5.3500    5.3957    3.2848

  2185 至 2198 列

   -1.8375   -1.0070   -0.8978   -0.2155   -0.3879    2.1319    2.1706    2.0772    2.1150    2.0203    2.0571   -2.2063   -2.0136   -2.0308
    5.4130    3.3195    3.3507    2.1880    3.9384    1.6359    1.6656    1.7047    1.7357    1.7718    1.8040    5.3264    5.3500    5.3957

  2199 至 2212 列

   -1.8375   -1.8532   -0.2870   -0.2155   -0.2538    2.1319    2.1706    2.0395    2.0772    2.1150    2.1528    1.9836    2.0203    2.0571
    5.4130    5.4593    2.1798    2.1880    2.5770    1.6359    1.6656    1.6737    1.7047    1.7357    1.7667    1.7396    1.7718    1.8040

  2213 至 2226 列

    2.0938    1.9256    1.9613    2.1039   -2.1074   -2.0373   -1.9651   -1.8907   -1.9217    1.1703   -2.0136   -2.0308    1.0679   -1.8375
    1.8362    1.8035    1.8369    1.9705    2.1074    2.1752    2.2407    2.3038    2.3416    3.1094    5.3500    5.3957    3.1460    5.4130

  2227 至 2240 列

   -0.2870   -0.3380   -0.2155   -0.2538   -0.3879   -0.3927    2.1319    2.0772    2.1150    2.0203   -2.1074   -2.0373   -1.9651   -1.9217
    2.1798    2.5673    2.1880    2.5770    3.9384    3.9871    1.6359    1.7047    1.7357    1.7718    2.1074    2.1752    2.2407    2.3416

  2241 至 2254 列

   -2.2063   -2.0136   -2.0308   -1.8375   -1.8532   -1.0070   -0.2870   -0.4719   -0.2155   -0.2538   -0.3879    2.2240    2.1706    2.0772
    5.3264    5.3500    5.3957    5.4130    5.4593    3.3195    2.1798    3.5846    2.1880    2.5770    3.9384    1.5937    1.6656    1.7047

  2255 至 2268 列

    2.1150    2.0203    2.0571   -2.1074   -2.0373   -1.9651   -1.8907   -1.9217   -2.0136   -2.0308   -1.8375   -1.8532   -1.0070   -0.8978
    1.7357    1.7718    1.8040    2.1074    2.1752    2.2407    2.3038    2.3416    5.3500    5.3957    5.4130    5.4593    3.3195    3.3507

  2269 至 2282 列

   -0.2870   -0.2155   -0.3879    2.1319    2.1706    2.0772    2.1150    2.1528    2.1905    2.0203    2.0571    2.0938    1.9613   -2.0308
    2.1798    2.1880    3.9384    1.6359    1.6656    1.7047    1.7357    1.7667    1.7977    1.7718    1.8040    1.8362    1.8369    5.3957

  2283 至 2296 列

   -0.2870   -0.2155   -0.2538   -0.3879    2.1319    2.1706    2.0772    2.1150    2.0203    2.0571    1.9613   -2.1074   -2.0373   -1.9651
    2.1798    2.1880    2.5770    3.9384    1.6359    1.6656    1.7047    1.7357    1.7718    1.8040    1.8369    2.1074    2.1752    2.2407

  2297 至 2310 列

   -2.0136   -2.0308   -1.8375   -1.8532   -0.2870   -0.2155   -0.2538   -0.3879    2.1319    2.1706    2.0772    2.1150    2.1528    2.1905
    5.3500    5.3957    5.4130    5.4593    2.1798    2.1880    2.5770    3.9384    1.6359    1.6656    1.7047    1.7357    1.7667    1.7977

  2311 至 2324 列

    2.0203    2.0571    2.0938    1.9613   -2.0136   -2.0308   -1.8375   -1.8532   -0.2870   -0.2155   -0.2538    2.1319    2.1706    2.0395
    1.7718    1.8040    1.8362    1.8369    5.3500    5.3957    5.4130    5.4593    2.1798    2.1880    2.5770    1.6359    1.6656    1.6737

  2325 至 2338 列

    2.0772    2.1150    2.1528    1.9836    2.0203    2.0571    2.0938    1.9256   -2.1074   -2.0373   -1.9651   -1.9973   -1.8907   -1.9217
    1.7047    1.7357    1.7667    1.7396    1.7718    1.8040    1.8362    1.8035    2.1074    2.1752    2.2407    2.2775    2.3038    2.3416

  2339 至 2352 列

   -1.8441   -1.9035   -2.0136   -2.0308    1.0679   -1.8375   -1.0070   -0.2870   -0.2155   -0.2538   -0.3879    2.1319    2.1706    2.2094
    2.4032    2.4807    5.3500    5.3957    3.1460    5.4130    3.3195    2.1798    2.1880    2.5770    3.9384    1.6359    1.6656    1.6953

  2353 至 2366 列

    2.0772    2.1150    2.1528    2.0203    2.0571    2.0938   -2.0373   -2.2063   -2.0136   -2.0308   -1.8375   -1.8532   -0.2870   -0.3380
    1.7047    1.7357    1.7667    1.7718    1.8040    1.8362    2.1752    5.3264    5.3500    5.3957    5.4130    5.4593    2.1798    2.5673

  2367 至 2380 列

   -0.2155   -0.2538    2.1319    2.1706    2.2482    2.0395    2.0772    2.1150    2.1528    2.1905    1.9836    2.0203    2.0571    2.0938
    2.1880    2.5770    1.6359    1.6656    1.7251    1.6737    1.7047    1.7357    1.7667    1.7977    1.7396    1.7718    1.8040    1.8362

  2381 至 2394 列

    1.9256    1.9613   -2.1074   -2.0373   -1.9651    1.1703    1.0679   -0.2870   -0.3380   -0.2155   -0.2538    2.1319    2.0772    2.1150
    1.8035    1.8369    2.1074    2.1752    2.2407    3.1094    3.1460    2.1798    2.5673    2.1880    2.5770    1.6359    1.7047    1.7357

  2395 至 2408 列

    2.0203   -2.1074   -2.0373   -1.9651   -2.2063   -2.0136   -2.0308   -1.8375   -1.8532   -1.0070   -0.2870   -0.4719   -0.2155   -0.2538
    1.7718    2.1074    2.1752    2.2407    5.3264    5.3500    5.3957    5.4130    5.4593    3.3195    2.1798    3.5846    2.1880    2.5770

  2409 至 2422 列

   -0.3879   -2.1074   -2.0373   -1.9651   -1.9973   -1.8907   -1.9217   -1.8441   -2.0136   -2.0308   -1.8375   -1.8532   -1.0070   -0.8978
    3.9384    2.1074    2.1752    2.2407    2.2775    2.3038    2.3416    2.4032    5.3500    5.3957    5.4130    5.4593    3.3195    3.3507

  2423 至 2436 列

   -0.2870   -0.2155   -0.2538    2.1319    2.1706    2.0772    2.1150    2.1528    2.0203    2.0571    2.0938   -2.2063   -2.0136   -2.0308
    2.1798    2.1880    2.5770    1.6359    1.6656    1.7047    1.7357    1.7667    1.7718    1.8040    1.8362    5.3264    5.3500    5.3957

  2437 至 2450 列

   -1.8375   -1.8532   -0.2870   -0.2155   -0.2538   -0.3927    2.1319    2.1706    2.0772    2.1150    2.1528    2.1905    2.0203    2.0571
    5.4130    5.4593    2.1798    2.1880    2.5770    3.9871    1.6359    1.6656    1.7047    1.7357    1.7667    1.7977    1.7718    1.8040

  2451 至 2464 列

    2.0938    1.9613   -2.0373   -1.9651   -2.0136   -2.0308   -1.8532   -0.2870   -0.2155   -0.2538   -0.3927    2.1319    2.1706    2.2482
    1.8362    1.8369    2.1752    2.2407    5.3500    5.3957    5.4593    2.1798    2.1880    2.5770    3.9871    1.6359    1.6656    1.7251

  2465 至 2478 列

    2.0772    2.1150    2.1905    2.0203    2.0571    1.9613   -2.0373   -2.2063   -2.0308   -1.8532   -0.2870   -0.2155   -0.2538   -0.3879
    1.7047    1.7357    1.7977    1.7718    1.8040    1.8369    2.1752    5.3264    5.3957    5.4593    2.1798    2.1880    2.5770    3.9384

  2479 至 2492 列

    2.1319    2.1706    2.0772    2.1150    2.0203    2.0571   -2.1074   -2.0373   -1.9651   -1.9973   -1.8907   -1.9217   -1.8441   -1.9035
    1.6359    1.6656    1.7047    1.7357    1.7718    1.8040    2.1074    2.1752    2.2407    2.2775    2.3038    2.3416    2.4032    2.4807

  2493 至 2506 列

   -2.0136   -1.1150   -1.8375   -1.0070   -0.2155   -0.3879    2.1319    2.1706    2.2094    2.0772    2.1150    2.1528    2.1905    2.0203
    5.3500    3.2848    5.4130    3.3195    2.1880    3.9384    1.6359    1.6656    1.6953    1.7047    1.7357    1.7667    1.7977    1.7718

  2507 至 2520 列

    2.0571    2.0938    2.0729    2.0039   -0.2870   -0.2155    2.1319    2.1706    2.2482    2.0772    2.1150    2.1528    2.1905    2.0203
    1.8040    1.8362    2.0729    2.1396    2.1798    2.1880    1.6359    1.6656    1.7251    1.7047    1.7357    1.7667    1.7977    1.7718

  2521 至 2534 列

    2.0571    2.0938    1.9613   -2.2063   -2.0136   -2.0308   -1.8375   -1.8532   -0.2870   -0.2155   -0.2538    2.1319    2.1706    2.2094
    1.8040    1.8362    1.8369    5.3264    5.3500    5.3957    5.4130    5.4593    2.1798    2.1880    2.5770    1.6359    1.6656    1.6953

  2535 至 2548 列

    2.0772    2.1150    2.1528    2.1905    2.0203    2.0571    2.0938    1.9613   -2.0308   -1.8532   -0.2870   -0.2155   -0.2538    2.1706
    1.7047    1.7357    1.7667    1.7977    1.7718    1.8040    1.8362    1.8369    5.3957    5.4593    2.1798    2.1880    2.5770    1.6656

  2549 至 2562 列

    2.0772    2.1150    2.0203    2.0571   -2.1074   -2.0373   -1.9651   -1.9217   -1.0070   -0.3879    2.1319    2.1706    2.2094    2.0395
    1.7047    1.7357    1.7718    1.8040    2.1074    2.1752    2.2407    2.3416    3.3195    3.9384    1.6359    1.6656    1.6953    1.6737

  2563 至 2576 列

    2.0772    2.1150    2.1528    1.9836    2.0203    2.0571    2.0938    1.9256   -2.0373   -1.9651    2.1319    2.1706    2.2094    2.0772
    1.7047    1.7357    1.7667    1.7396    1.7718    1.8040    1.8362    1.8035    2.1752    2.2407    1.6359    1.6656    1.6953    1.7047

  2577 至 2590 列

    2.1150    2.1528    2.1905    1.9836    2.0203    2.0571    2.0938   -0.2870   -0.2155    2.1319    2.0772    2.0203    2.1319    2.1706
    1.7357    1.7667    1.7977    1.7396    1.7718    1.8040    1.8362    2.1798    2.1880    1.6359    1.7047    1.7718    1.6359    1.6656

  2591 至 2604 列

    2.0772    2.1150    2.1528    2.1905    2.0203    2.0571    1.9613   -2.0373   -2.2063   -2.0308   -1.8532   -0.2870   -0.2155   -0.2538
    1.7047    1.7357    1.7667    1.7977    1.7718    1.8040    1.8369    2.1752    5.3264    5.3957    5.4593    2.1798    2.1880    2.5770

  2605 至 2618 列

    2.1319    2.1706    2.2094    2.0772    2.1150    2.1528    2.1905    2.0203    2.0571    2.0938    2.0729    2.0039   -2.2063   -2.0308
    1.6359    1.6656    1.6953    1.7047    1.7357    1.7667    1.7977    1.7718    1.8040    1.8362    2.0729    2.1396    5.3264    5.3957

  2619 至 2632 列

   -0.2870   -0.2155   -0.2538    2.1319    2.1706    2.0772    2.1150    2.0203    1.9613   -2.1074   -2.0373   -1.9651   -2.2063   -2.0136
    2.1798    2.1880    2.5770    1.6359    1.6656    1.7047    1.7357    1.7718    1.8369    2.1074    2.1752    2.2407    5.3264    5.3500

  2633 至 2646 列

   -2.0308   -1.8375   -1.8532   -0.2870   -0.4719   -0.2155   -0.2538   -0.3879    2.1319    2.1706    2.2094    2.0772    2.1150    2.1528
    5.3957    5.4130    5.4593    2.1798    3.5846    2.1880    2.5770    3.9384    1.6359    1.6656    1.6953    1.7047    1.7357    1.7667

  2647 至 2660 列

    2.1905    2.0203    2.0571    2.0938   -2.0373   -1.9651   -2.2063   -2.0308   -0.2870   -0.2155   -0.3879    2.1319    2.1706    2.2482
    1.7977    1.7718    1.8040    1.8362    2.1752    2.2407    5.3264    5.3957    2.1798    2.1880    3.9384    1.6359    1.6656    1.7251

  2661 至 2674 列

    2.0772    2.1150    2.1528    2.1905    2.0203    2.0571    2.0938   -2.0373   -1.9651   -1.9217    1.1531    1.0679   -0.2870   -0.2155
    1.7047    1.7357    1.7667    1.7977    1.7718    1.8040    1.8362    2.1752    2.2407    2.3416    3.0637    3.1460    2.1798    2.1880

  2675 至 2688 列

    0.2461    2.1319    2.0772    2.1150    2.0203   -2.0729   -2.1074   -1.9371   -2.0039   -2.0373   -1.9329   -1.9651   -1.8907   -1.9217
    3.7540    1.6359    1.7047    1.7357    1.7718    2.0729    2.1074    2.0683    2.1396    2.1752    2.2040    2.2407    2.3038    2.3416

  2689 至 2702 列

   -1.8441   -1.9035   -2.2063   -2.0136   -2.0308   -1.1150   -1.8375   -1.8532   -1.0070   -0.2870   -0.4719   -0.2155   -0.2538   -0.3879
    2.4032    2.4807    5.3264    5.3500    5.3957    3.2848    5.4130    5.4593    3.3195    2.1798    3.5846    2.1880    2.5770    3.9384

  2703 至 2716 列

    2.1319    2.1706    2.0772    2.1150    2.0203    2.0571    1.9613   -2.1074   -2.0373   -1.9651   -2.2063   -2.0136   -2.0308   -1.8375
    1.6359    1.6656    1.7047    1.7357    1.7718    1.8040    1.8369    2.1074    2.1752    2.2407    5.3264    5.3500    5.3957    5.4130

  2717 至 2730 列

   -1.8532   -0.2870   -0.4719   -0.2155   -0.2538    2.1319    2.1706    2.2094    2.0772    2.1150    2.1528    2.1905    2.0203    2.0571
    5.4593    2.1798    3.5846    2.1880    2.5770    1.6359    1.6656    1.6953    1.7047    1.7357    1.7667    1.7977    1.7718    1.8040

  2731 至 2744 列

    2.0938   -0.2870   -0.2155    2.1319    2.1706    2.0772    2.1150    2.0203    2.0571    2.0938    1.9613   -2.0038   -2.0729   -2.1074
    1.8362    2.1798    2.1880    1.6359    1.6656    1.7047    1.7357    1.7718    1.8040    1.8362    1.8369    2.0038    2.0729    2.1074

  2745 至 2758 列

   -2.0039   -2.0373   -1.9651   -1.9973   -1.8907   -1.9217   -1.8441   -2.2063   -2.0136   -2.0308   -1.1150   -1.8375   -1.8532   -1.0070
    2.1396    2.1752    2.2407    2.2775    2.3038    2.3416    2.4032    5.3264    5.3500    5.3957    3.2848    5.4130    5.4593    3.3195

  2759 至 2772 列

   -0.8978   -0.2870   -0.4719   -0.2155   -0.2538   -0.3879    2.1319    2.1706    2.0772    2.1150    2.0203    2.0571    1.9613   -2.1074
    3.3507    2.1798    3.5846    2.1880    2.5770    3.9384    1.6359    1.6656    1.7047    1.7357    1.7718    1.8040    1.8369    2.1074

  2773 至 2786 列

   -2.0373   -1.9651   -2.2063   -2.0136   -2.0308   -1.8532   -0.2870   -0.4719   -0.2155   -0.2538   -0.3879    2.1319    2.0772    2.1150
    2.1752    2.2407    5.3264    5.3500    5.3957    5.4593    2.1798    3.5846    2.1880    2.5770    3.9384    1.6359    1.7047    1.7357

  2787 至 2800 列

    2.0203   -2.1074   -2.0373   -1.9651   -1.9973   -1.9217   -1.8441   -1.9035   -1.8214   -2.0136   -2.0308   -1.8375   -1.0070   -0.2155
    1.7718    2.1074    2.1752    2.2407    2.2775    2.3416    2.4032    2.4807    2.5417    5.3500    5.3957    5.4130    3.3195    2.1880

  2801 至 2814 列

   -0.2538   -0.3879    2.1319    2.1706    2.2094    2.0772    2.1150    2.1528    2.0203    2.0571    2.0938   -2.1074   -2.0373   -1.9651
    2.5770    3.9384    1.6359    1.6656    1.6953    1.7047    1.7357    1.7667    1.7718    1.8040    1.8362    2.1074    2.1752    2.2407

  2815 至 2828 列

   -2.2063   -2.0136   -2.0308   -0.2870   -0.2155   -0.2538   -0.3879    2.1319    2.1706    2.0772    2.1150    2.1905    2.0203    2.0571
    5.3264    5.3500    5.3957    2.1798    2.1880    2.5770    3.9384    1.6359    1.6656    1.7047    1.7357    1.7977    1.7718    1.8040

  2829 至 2842 列

   -2.2063   -2.0308   -1.8532   -0.2870   -0.2155   -0.2538   -0.3879    2.1319    2.1706    2.0772    2.1150    2.0203    2.0571    1.9613
    5.3264    5.3957    5.4593    2.1798    2.1880    2.5770    3.9384    1.6359    1.6656    1.7047    1.7357    1.7718    1.8040    1.8369

  2843 至 2856 列

   -2.1074   -2.0373   -1.9651   -2.2063   -2.0136   -2.0308   -1.8532   -0.2870   -0.4719   -0.2155   -0.2538   -0.3879    2.1319    2.0772
    2.1074    2.1752    2.2407    5.3264    5.3500    5.3957    5.4593    2.1798    3.5846    2.1880    2.5770    3.9384    1.6359    1.7047

  2857 至 2870 列

    2.1150    2.0203    1.9613   -2.1074   -2.0373   -1.9651   -1.8907   -2.2063   -2.0308   -1.1150   -1.8532   -1.0070   -0.2870   -0.3380
    1.7357    1.7718    1.8369    2.1074    2.1752    2.2407    2.3038    5.3264    5.3957    3.2848    5.4593    3.3195    2.1798    2.5673

  2871 至 2884 列

   -0.4719   -0.2155   -0.2538   -0.3879    2.1319    2.1706    2.0395    2.0772    2.1150    2.1528    2.1905    1.9836    2.0203    2.0571
    3.5846    2.1880    2.5770    3.9384    1.6359    1.6656    1.6737    1.7047    1.7357    1.7667    1.7977    1.7396    1.7718    1.8040

  2885 至 2898 列

    2.0938    2.1305   -2.1074   -2.0373   -1.9651   -1.9973   -1.9217   -1.8441   -2.2063   -2.0308   -1.8532   -0.3380   -0.2155   -0.2538
    1.8362    1.8684    2.1074    2.1752    2.2407    2.2775    2.3416    2.4032    5.3264    5.3957    5.4593    2.5673    2.1880    2.5770

  2899 至 2912 列

   -2.0038   -2.0729   -2.1074   -1.9371   -2.0039   -2.0373   -1.9329   -1.9651   -1.9973   -1.8907   -1.9217   -1.8441   -1.9035   -2.2063
    2.0038    2.0729    2.1074    2.0683    2.1396    2.1752    2.2040    2.2407    2.2775    2.3038    2.3416    2.4032    2.4807    5.3264

  2913 至 2926 列

   -2.0136   -2.0308   -1.1150   -1.8375   -1.8532   -1.0070   -0.2870   -0.4719   -0.2155   -0.2538   -0.3879    2.1319    2.1706    2.0772
    5.3500    5.3957    3.2848    5.4130    5.4593    3.3195    2.1798    3.5846    2.1880    2.5770    3.9384    1.6359    1.6656    1.7047

  2927 至 2940 列

    2.1150    2.0203    2.0571   -2.1074   -2.0373   -1.9651   -1.8907   -1.9217   -2.0136   -2.0308   -1.1150   -1.8375   -1.0070   -0.2870
    1.7357    1.7718    1.8040    2.1074    2.1752    2.2407    2.3038    2.3416    5.3500    5.3957    3.2848    5.4130    3.3195    2.1798

  2941 至 2954 列

   -0.3380   -0.4719   -0.2155   -0.2538   -0.3879    2.1319    2.0772    2.1150    2.0203    2.0571   -2.1074   -2.0373   -1.9651   -1.9973
    2.5673    3.5846    2.1880    2.5770    3.9384    1.6359    1.7047    1.7357    1.7718    1.8040    2.1074    2.1752    2.2407    2.2775

  2955 至 2968 列

   -1.9217   -1.9837   -1.8441   -1.9035   -2.0308   -1.1150   -1.0070   -0.3380   -0.2155   -0.2538   -0.3879    2.1319    2.1706    2.0772
    2.3416    2.4171    2.4032    2.4807    5.3957    3.2848    3.3195    2.5673    2.1880    2.5770    3.9384    1.6359    1.6656    1.7047

  2969 至 2982 列

    2.1150    2.1905    2.0203    2.0571    1.9613   -2.0373   -2.2063   -2.0308   -1.8532   -0.2870   -0.2155   -0.2538   -0.3879    2.1319
    1.7357    1.7977    1.7718    1.8040    1.8369    2.1752    5.3264    5.3957    5.4593    2.1798    2.1880    2.5770    3.9384    1.6359

  2983 至 2996 列

    2.1706    2.0772    2.1150    2.1528    2.1905    2.0203    2.0571    2.0938   -2.0373   -1.9651   -2.2063   -2.0308   -0.2870   -0.2155
    1.6656    1.7047    1.7357    1.7667    1.7977    1.7718    1.8040    1.8362    2.1752    2.2407    5.3264    5.3957    2.1798    2.1880

  2997 至 3010 列

   -0.3879    2.1319    2.1706    2.0772    2.1150    2.1905    2.0203    2.0571    1.9613   -2.1074   -2.0373   -1.9651   -1.9973   -1.9217
    3.9384    1.6359    1.6656    1.7047    1.7357    1.7977    1.7718    1.8040    1.8369    2.1074    2.1752    2.2407    2.2775    2.3416

  3011 至 3024 列

   -1.8441   -1.9035   -1.8214   -1.7372    1.1531   -2.0136   -2.0308    1.0679   -1.1150   -1.8375   -1.0070   -0.2870   -0.2155   -0.2538
    2.4032    2.4807    2.5417    2.5999    3.0637    5.3500    5.3957    3.1460    3.2848    5.4130    3.3195    2.1798    2.1880    2.5770

  3025 至 3038 列

   -0.3879    2.1319    2.1706    2.0772    2.1150    2.1528    2.0203    2.0571   -2.1074   -2.0373   -1.9651   -2.2063   -2.0308   -0.2870
    3.9384    1.6359    1.6656    1.7047    1.7357    1.7667    1.7718    1.8040    2.1074    2.1752    2.2407    5.3264    5.3957    2.1798

  3039 至 3052 列

   -0.2155   -0.2538   -0.3879    2.1319    2.1706    2.0772    2.1150    2.1528    1.9836    2.0203    2.0571    2.0938    1.9256   -2.1074
    2.1880    2.5770    3.9384    1.6359    1.6656    1.7047    1.7357    1.7667    1.7396    1.7718    1.8040    1.8362    1.8035    2.1074

  3053 至 3066 列

   -2.0373   -1.9651   -1.9973   -1.8907   -1.9217   -1.8441   -2.0308   -0.2870   -0.2155   -0.3879    2.1319    2.1706    2.0772    2.1150
    2.1752    2.2407    2.2775    2.3038    2.3416    2.4032    5.3957    2.1798    2.1880    3.9384    1.6359    1.6656    1.7047    1.7357

  3067 至 3080 列

    2.0203    2.0571   -2.1074   -2.0373   -1.9651   -1.8907   -1.9217   -1.8441   -1.9035   -1.8214   -2.2063   -2.0136   -2.0308   -1.1150
    1.7718    1.8040    2.1074    2.1752    2.2407    2.3038    2.3416    2.4032    2.4807    2.5417    5.3264    5.3500    5.3957    3.2848

  3081 至 3094 列

   -1.8375   -1.8532   -1.0070   -0.2870   -0.3380   -0.4719   -0.2155   -0.2538   -0.3544   -0.3879    2.1319    2.1706    2.0772    2.1150
    5.4130    5.4593    3.3195    2.1798    2.5673    3.5846    2.1880    2.5770    3.5981    3.9384    1.6359    1.6656    1.7047    1.7357

  3095 至 3108 列

    2.0203    2.0571    1.9613   -2.1074   -2.0373   -1.9651   -2.2063   -2.0308   -1.8532   -0.2870   -0.2155   -0.2538   -0.3879    2.1319
    1.7718    1.8040    1.8369    2.1074    2.1752    2.2407    5.3264    5.3957    5.4593    2.1798    2.1880    2.5770    3.9384    1.6359

  3109 至 3122 列

    2.1706    2.0772    2.1150    2.0203    2.0571   -2.1074   -2.0373   -1.9651   -2.2063   -2.0308   -1.8532   -0.2870   -0.4719   -0.2155
    1.6656    1.7047    1.7357    1.7718    1.8040    2.1074    2.1752    2.2407    5.3264    5.3957    5.4593    2.1798    3.5846    2.1880

  3123 至 3136 列

   -0.2538   -0.3879    2.1319    2.1706    2.0772    2.1150    2.0203    2.0571   -2.1074   -2.0373   -1.9651   -1.8907   -2.2063   -2.0308
    2.5770    3.9384    1.6359    1.6656    1.7047    1.7357    1.7718    1.8040    2.1074    2.1752    2.2407    2.3038    5.3264    5.3957

  3137 至 3150 列

   -1.8532   -1.0070   -0.2870   -0.4719   -0.2155   -0.2538   -0.3544   -0.3879    2.1319    2.1706    2.2094    2.0772    2.1150    2.1528
    5.4593    3.3195    2.1798    3.5846    2.1880    2.5770    3.5981    3.9384    1.6359    1.6656    1.6953    1.7047    1.7357    1.7667

  3151 至 3164 列

    1.9836    2.0203    2.0571    2.0938    1.9256   -2.1074   -2.0373   -1.9651   -1.9217    1.0679   -0.3879    2.1319    2.1706    2.0772
    1.7396    1.7718    1.8040    1.8362    1.8035    2.1074    2.1752    2.2407    2.3416    3.1460    3.9384    1.6359    1.6656    1.7047

  3165 至 3178 列

    2.1150    2.0203    2.0571   -2.1074   -2.0373   -1.9651   -2.2063   -2.0308   -1.8375   -0.2870   -0.4719   -0.2155   -0.2538   -0.3879
    1.7357    1.7718    1.8040    2.1074    2.1752    2.2407    5.3264    5.3957    5.4130    2.1798    3.5846    2.1880    2.5770    3.9384

  3179 至 3192 列

    2.1319    2.1706    2.0772    2.1150    2.0203    2.0571   -2.0373   -1.9651   -2.2063   -2.0308   -1.8532   -0.2870   -0.2155   -0.2538
    1.6359    1.6656    1.7047    1.7357    1.7718    1.8040    2.1752    2.2407    5.3264    5.3957    5.4593    2.1798    2.1880    2.5770

  3193 至 3206 列

   -0.3879    2.1319    2.1706    2.2094    2.0772    2.1150    2.1528    2.1905    2.0203    2.0571    2.0938   -2.0373   -1.9651   -2.0308
    3.9384    1.6359    1.6656    1.6953    1.7047    1.7357    1.7667    1.7977    1.7718    1.8040    1.8362    2.1752    2.2407    5.3957

  3207 至 3220 列

   -0.2870   -0.2155   -0.2538    2.1319    2.1706    2.0772    2.1150    2.0203    2.0571   -2.1074   -2.0039   -2.0373   -1.9329   -1.9651
    2.1798    2.1880    2.5770    1.6359    1.6656    1.7047    1.7357    1.7718    1.8040    2.1074    2.1396    2.1752    2.2040    2.2407

  3221 至 3234 列

   -1.9973   -1.8907   -1.9217   -1.8441   -2.2063   -2.0136   -2.0308   -1.8375   -1.8532   -1.0070   -0.2870   -0.4719   -0.2155   -0.2538
    2.2775    2.3038    2.3416    2.4032    5.3264    5.3500    5.3957    5.4130    5.4593    3.3195    2.1798    3.5846    2.1880    2.5770

  3235 至 3248 列

   -0.3544   -0.3879    2.1319    2.1706    2.0772    2.1150    2.0203    2.0571   -2.1074   -2.0373   -1.9651   -1.8907   -2.2063   -2.0308
    3.5981    3.9384    1.6359    1.6656    1.7047    1.7357    1.7718    1.8040    2.1074    2.1752    2.2407    2.3038    5.3264    5.3957

  3249 至 3262 列

   -1.8532   -0.2870   -0.4719   -0.2155   -0.2538   -0.3879    2.1319    2.1706    2.0772    2.1150    2.1528    2.1905    2.0203    2.0571
    5.4593    2.1798    3.5846    2.1880    2.5770    3.9384    1.6359    1.6656    1.7047    1.7357    1.7667    1.7977    1.7718    1.8040

  3263 至 3276 列

    2.0938    1.9613   -2.1074   -2.0373   -1.9651   -2.2063   -2.0308   -0.2870   -0.2155   -0.2538    2.1319    2.1706    2.0772    2.1150
    1.8362    1.8369    2.1074    2.1752    2.2407    5.3264    5.3957    2.1798    2.1880    2.5770    1.6359    1.6656    1.7047    1.7357

  3277 至 3290 列

    2.1528    2.1905    2.0203    2.0571    2.0938   -2.2063   -2.0308   -0.2870   -0.2155   -0.2538    2.1319    2.1706    2.0772    2.1150
    1.7667    1.7977    1.7718    1.8040    1.8362    5.3264    5.3957    2.1798    2.1880    2.5770    1.6359    1.6656    1.7047    1.7357

  3291 至 3304 列

    1.9836    2.0203    2.0571    2.0938    1.9256   -2.1074   -2.0039   -2.0373   -1.9329   -1.9651   -1.9973   -1.8907   -1.9217   -1.8441
    1.7396    1.7718    1.8040    1.8362    1.8035    2.1074    2.1396    2.1752    2.2040    2.2407    2.2775    2.3038    2.3416    2.4032

  3305 至 3314 列

   -2.2063   -2.0136   -2.0308   -1.8375   -1.8532   -1.0070   -0.2870   -0.2155   -0.2538   -0.3879
    5.3264    5.3500    5.3957    5.4130    5.4593    3.3195    2.1798    2.1880    2.5770    3.9384