   -1.5390   -1.5635   -1.4740    0.4655   -1.6254   -1.6512   -1.5390   -1.5635   -1.4510   -1.4740    0.8674    0.8769    0.7242    0.7322
    2.6657    2.7080    2.7577    3.5361    2.6139    2.6554    2.6657    2.7080    2.7146    2.7577    4.3606    4.4086    4.3867    4.4349

  15 至 28 列

   -1.6254   -1.5390   -1.5635   -1.4510   -1.4740    0.8674    0.8769    0.7242    0.7322    0.8674    0.8769    0.7242    0.7322    0.4655
    2.6139    2.6657    2.7080    2.7146    2.7577    4.3606    4.4086    4.3867    4.4349    4.3606    4.4086    4.3867    4.4349    3.5361

  29 至 42 列

   -1.6254   -1.6512   -1.7028   -1.5390   -1.5635   -1.6123   -1.4510   -1.4740    0.8674    0.8769    0.7242    0.7322   -1.6254   -1.6512
    2.6139    2.6554    2.7384    2.6657    2.7080    2.7926    2.7146    2.7577    4.3606    4.4086    4.3867    4.4349    2.6139    2.6554

  43 至 56 列

   -1.7028   -1.5390   -1.5635   -1.6123   -1.0825   -1.4510   -1.4740   -1.0156    0.8674    0.8769   -1.0199    0.7242    0.7322   -1.5390
    2.7384    2.6657    2.7080    2.7926    2.0252    2.7146    2.7577    2.0595    4.3606    4.4086    5.1273    4.3867    4.4349    2.6657

  57 至 70 列

    0.8674    0.8769    0.7242    0.7322    0.4655   -1.6254   -1.7028   -1.5390   -1.5635   -1.6123   -1.4510   -1.4740    0.8674    0.8769
    4.3606    4.4086    4.3867    4.4349    3.5361    2.6139    2.7384    2.6657    2.7080    2.7926    2.7146    2.7577    4.3606    4.4086

  71 至 84 列

    0.7242    0.7322    2.5304    2.4611   -1.7028   -1.5390   -1.5635   -1.6123   -1.4510   -1.4740    1.6423    1.5325    0.8674    0.8769
    4.3867    4.4349    2.0767    2.1584    2.7384    2.6657    2.7080    2.7926    2.7146    2.7577    3.3303    3.3822    4.3606    4.4086

  85 至 98 列

    0.5810    0.7242    0.7322    0.4655    0.3496    2.3535   -1.6254   -1.7028   -1.5390   -1.5635   -1.4510   -1.4740    1.6423    1.5325
    3.5190    4.3867    4.4349    3.5361    3.5495    2.2043    2.6139    2.7384    2.6657    2.7080    2.7146    2.7577    3.3303    3.3822

  99 至 112 列

    1.0096    0.8674    0.8769    0.7242    0.7322    0.4655    0.3496   -1.6770   -1.5390   -1.5635   -1.4510   -1.4740    0.8674    0.7242
    4.3299    4.3606    4.4086    4.3867    4.4349    3.5361    3.5495    2.6969    2.6657    2.7080    2.7146    2.7577    4.3606    4.3867

  113 至 126 列

   -1.6254   -1.7028   -1.5390   -1.5635   -1.6123   -1.0825   -1.4510   -1.4740   -1.0156   -1.5127   -1.4115    0.8674    0.8769    0.7242
    2.6139    2.7384    2.6657    2.7080    2.7926    2.0252    2.7146    2.7577    2.0595    3.0674    3.1152    4.3606    4.4086    4.3867

  127 至 140 列

    0.7322    2.5304    2.4611    2.3535   -1.6254   -1.5390   -1.5635   -1.4510   -1.4740    1.5325    0.8674    0.8769    0.5810    0.7242
    4.4349    2.0767    2.1584    2.2043    2.6139    2.6657    2.7080    2.7146    2.7577    3.3822    4.3606    4.4086    3.5190    4.3867

  141 至 154 列

    0.7322    0.4655    2.5304   -1.6254   -1.5390   -1.5635   -1.4740    0.8674    0.8769    0.5810    0.7242    0.7322    0.4655    0.5803
    4.4349    3.5361    2.0767    2.6139    2.6657    2.7080    2.7577    4.3606    4.4086    3.5190    4.3867    4.4349    3.5361    4.4080

  155 至 168 列

   -1.7915   -1.6254   -1.6512   -1.7028   -1.5390   -1.5635   -1.6123   -1.4510   -1.4740    0.8674    0.8769    0.7242    0.7322    2.5304
    2.6812    2.6139    2.6554    2.7384    2.6657    2.7080    2.7926    2.7146    2.7577    4.3606    4.4086    4.3867    4.4349    2.0767

  169 至 182 列

    2.4611    2.3535    2.3892   -1.5635   -1.4510   -1.4740    1.6423    1.5325    1.3192    1.1913    0.8674    0.8769    0.6128    0.7242
    2.1584    2.2043    2.2377    2.7080    2.7146    2.7577    3.3303    3.3822    3.8863    3.9273    4.3606    4.4086    3.7118    4.3867

  183 至 196 列

    0.7322    0.5803   -1.6254   -1.5390   -1.4740    1.6423    0.8674    0.7242    0.5803    2.4927    2.5304    2.4244    2.4611    2.3535
    4.4349    4.4080    2.6139    2.6657    2.7577    3.3303    4.3606    4.3867    4.4080    2.0457    2.0767    2.1261    2.1584    2.2043

  197 至 210 列

    1.6423    1.5325    0.8674    0.8769    0.5810    0.7242    0.7322    0.4655    0.3496    2.5304    2.4611    2.3892   -1.7915   -1.6254
    3.3303    3.3822    4.3606    4.4086    3.5190    4.3867    4.4349    3.5361    3.5495    2.0767    2.1584    2.2377    2.6812    2.6139

  211 至 224 列

   -1.6512   -1.7028   -1.5390   -1.5635   -1.4740    1.4457    1.3192    0.9985    0.8674    0.5810    0.7242    0.4655    2.4611   -1.6254
    2.6554    2.7384    2.6657    2.7080    2.7577    3.8410    3.8863    4.2823    4.3606    3.5190    4.3867    3.5361    2.1584    2.6139

  225 至 238 列

   -1.5390   -1.5635   -1.4510   -1.4740    0.8674    0.8769    0.5810    0.7242    0.7322    0.4655    0.5803    0.3496    2.5304    2.4611
    2.6657    2.7080    2.7146    2.7577    4.3606    4.4086    3.5190    4.3867    4.4349    3.5361    4.4080    3.5495    2.0767    2.1584

  239 至 252 列

    2.3892   -1.6254   -1.5390   -1.5635   -1.4510   -1.4740    1.6423    1.5325    0.8674    0.8769    0.5810    0.6128    0.7242    0.7322
    2.2377    2.6139    2.6657    2.7080    2.7146    2.7577    3.3303    3.3822    4.3606    4.4086    3.5190    3.7118    4.3867    4.4349

  253 至 266 列

    0.4655    2.5304    2.4611   -1.7929   -1.7101    1.6423    1.5325    0.9985    0.8674    0.5810    0.7242    0.4655    0.3496    2.3535
    3.5361    2.0767    2.1584    2.5020    2.5593    3.3303    3.3822    4.2823    4.3606    3.5190    4.3867    3.5361    3.5495    2.2043

  267 至 280 列

   -1.8498   -1.7644   -1.7915   -1.5996   -1.6254   -1.6512   -1.6770   -1.7028   -1.5146   -1.5390   -1.5635   -1.0825   -1.4740    1.6423
    2.5814    2.6405    2.6812    2.5724    2.6139    2.6554    2.6969    2.7384    2.6234    2.6657    2.7080    2.0252    2.7577    3.3303

  281 至 294 列

   -1.0156    1.5325   -0.9477    1.4457    1.3192    0.9985    0.8579    0.8674    0.8769    0.5810    0.7242    0.4655   -1.6254   -1.5390
    2.0595    3.3822    2.0916    3.8410    3.8863    4.2823    4.3127    4.3606    4.4086    3.5190    4.3867    3.5361    2.6139    2.6657

  295 至 308 列

   -1.5635   -1.4740    0.8674    0.7242    0.5803    2.4927    2.5304    2.4244    2.4611    2.3535    2.3892    1.6423    1.5325    1.3192
    2.7080    2.7577    4.3606    4.3867    4.4080    2.0457    2.0767    2.1261    2.1584    2.2043    2.2377    3.3303    3.3822    3.8863

  309 至 322 列

    0.8674    0.8769    0.8960   -1.0199    0.5810    0.7242    0.7322    0.4655    0.5803    0.3496   -1.6221   -1.5472   -1.7101   -1.6254
    4.3606    4.4086    4.5044    5.1273    3.5190    4.3867    4.4349    3.5361    4.4080    3.5495    2.2637    2.3156    2.5593    2.6139

  323 至 336 列

   -1.6512   -1.5390   -1.5635   -1.4510   -1.4740   -0.9477   -0.8788    1.0096   -0.8210    0.8674    0.8864    0.5810    0.7242    0.4655
    2.6554    2.6657    2.7080    2.7146    2.7577    2.0916    2.1215    4.3299    3.5210    4.3606    4.4565    3.5190    4.3867    3.5361

  337 至 350 列

    2.4244    2.3535    1.6423    1.5325    1.4457    1.3192    0.8674    0.8769    0.5810    0.7242    0.7322    0.4655    0.3496    2.5304
    2.1261    2.2043    3.3303    3.3822    3.8410    3.8863    4.3606    4.4086    3.5190    4.3867    4.4349    3.5361    3.5495    2.0767

  351 至 364 列

    2.4611    2.3892    1.6423    1.5325    0.8674    0.8769    0.5810    0.7242    0.7322    0.4655    0.5803    2.5304    2.4611    1.6423
    2.1584    2.2377    3.3303    3.3822    4.3606    4.4086    3.5190    4.3867    4.4349    3.5361    4.4080    2.0767    2.1584    3.3303

  365 至 378 列

    1.5325    1.4457    1.3192    0.9985    0.8674    0.5810    0.7242    0.4655    0.3496   -1.6254   -1.6512   -1.5390   -1.5635   -1.4510
    3.3822    3.8410    3.8863    4.2823    4.3606    3.5190    4.3867    3.5361    3.5495    2.6139    2.6554    2.6657    2.7080    2.7146

  379 至 392 列

   -1.4740    1.6423    1.5325    0.9985    0.8674    0.5810    0.7242    0.4655    0.3496   -1.6254   -1.5390   -1.5635   -1.4510   -1.4740
    2.7577    3.3303    3.3822    4.2823    4.3606    3.5190    4.3867    3.5361    3.5495    2.6139    2.6657    2.7080    2.7146    2.7577

  393 至 406 列

    0.8674    0.8769    0.5810    0.7242    0.7322    0.4655    2.4611   -1.6254   -1.6512   -1.5390   -1.5635   -1.4510   -1.4740    1.6423
    4.3606    4.4086    3.5190    4.3867    4.4349    3.5361    2.1584    2.6139    2.6554    2.6657    2.7080    2.7146    2.7577    3.3303

  407 至 420 列

    1.5325    0.9985    0.8674    0.8769    0.5810    0.7242    0.7322    0.4655    0.3496    2.5304    2.4611   -1.6254   -1.6512   -1.5390
    3.3822    4.2823    4.3606    4.4086    3.5190    4.3867    4.4349    3.5361    3.5495    2.0767    2.1584    2.6139    2.6554    2.6657

  421 至 434 列

   -1.5635   -1.4510   -1.4740    0.9985    0.8674    0.5810    0.7242    0.4655   -1.6254   -1.5390   -1.5635   -1.4510   -1.4740    1.5325
    2.7080    2.7146    2.7577    4.2823    4.3606    3.5190    4.3867    3.5361    2.6139    2.6657    2.7080    2.7146    2.7577    3.3822

  435 至 448 列

    0.8674    0.5810    0.7242    0.4655   -1.6254   -1.5390   -1.5635   -1.4740    0.9985    0.8674    0.5810    0.7242    0.4655    0.3496
    4.3606    3.5190    4.3867    3.5361    2.6139    2.6657    2.7080    2.7577    4.2823    4.3606    3.5190    4.3867    3.5361    3.5495

  449 至 462 列

   -1.6254   -1.6512   -1.5390   -1.5635    0.2073   -1.4740    0.1945    0.1815    0.1683    0.1549    0.1413    0.8674    0.5810    0.7242
    2.6139    2.6554    2.6657    2.7080    0.3878    2.7577    0.3944    0.4005    0.4062    0.4115    0.4164    4.3606    3.5190    4.3867

  463 至 476 列

    0.4655    0.3496   -1.7915   -1.6254   -1.6512   -1.7028   -1.5390   -1.5635   -1.6123   -1.4510   -1.4740   -1.3830    0.8674    0.8769
    3.5361    3.5495    2.6812    2.6139    2.6554    2.7384    2.6657    2.7080    2.7926    2.7146    2.7577    2.8044    4.3606    4.4086

  477 至 490 列

    0.5810    0.7242    0.7322    0.4655    0.3496   -1.7915   -1.6254   -1.6512   -1.7028   -1.5390   -1.5635   -1.6123   -1.4510   -1.4740
    3.5190    4.3867    4.4349    3.5361    3.5495    2.6812    2.6139    2.6554    2.7384    2.6657    2.7080    2.7926    2.7146    2.7577

  491 至 504 列

   -1.0156    0.8674    0.8769    0.5810    0.7242    0.7322    0.4655    0.3496   -1.6254   -1.6512   -1.5390   -1.5635   -1.4510   -1.4740
    2.0595    4.3606    4.4086    3.5190    4.3867    4.4349    3.5361    3.5495    2.6139    2.6554    2.6657    2.7080    2.7146    2.7577

  505 至 518 列

    0.8674    0.5810    0.7242    0.4655    0.3496   -1.6254   -1.6512   -1.7028   -1.5390   -1.5635   -1.6123   -1.4510   -1.4740   -1.0156
    4.3606    3.5190    4.3867    3.5361    3.5495    2.6139    2.6554    2.7384    2.6657    2.7080    2.7926    2.7146    2.7577    2.0595

  519 至 532 列

    0.1815   -0.9477    0.1683    0.8674    0.8769    0.7322    0.4655    0.3496    2.4611   -1.7915   -1.6254   -1.6512   -1.7028   -1.5390
    0.4005    2.0916    0.4062    4.3606    4.4086    4.4349    3.5361    3.5495    2.1584    2.6812    2.6139    2.6554    2.7384    2.6657

  533 至 546 列

   -1.5635   -1.6123   -1.0825   -1.4510   -1.4740   -1.0156    1.5325    0.1549    0.9985    0.8674    0.5810    0.7242    0.4655    0.3496
    2.7080    2.7926    2.0252    2.7146    2.7577    2.0595    3.3822    0.4115    4.2823    4.3606    3.5190    4.3867    3.5361    3.5495

  547 至 560 列

   -1.6254   -1.5390   -1.5635   -1.4740    1.6423    1.5325    0.9985    0.8674    0.8769    0.5810    0.7242    0.4655    0.3496   -1.6254
    2.6139    2.6657    2.7080    2.7577    3.3303    3.3822    4.2823    4.3606    4.4086    3.5190    4.3867    3.5361    3.5495    2.6139

  561 至 574 列

   -1.6512   -1.5390   -1.5635   -1.4740   -1.0156   -0.9477    0.8674    0.8769    0.7242    0.4655    0.3496   -1.7915   -1.6254   -1.6512
    2.6554    2.6657    2.7080    2.7577    2.0595    2.0916    4.3606    4.4086    4.3867    3.5361    3.5495    2.6812    2.6139    2.6554

  575 至 588 列

   -1.7028   -1.5390   -1.5635   -1.6123   -1.4510   -1.4740   -1.0156   -0.9477    0.8674    0.8769    0.7322    0.4655    0.3496   -1.6254
    2.7384    2.6657    2.7080    2.7926    2.7146    2.7577    2.0595    2.0916    4.3606    4.4086    4.4349    3.5361    3.5495    2.6139

  589 至 602 列

   -1.6512   -1.7028   -1.5390   -1.5635   -1.4740    1.4457    1.3192    0.8674    2.4611   -1.6254   -1.6512   -1.7028   -1.5390   -1.5635
    2.6554    2.7384    2.6657    2.7080    2.7577    3.8410    3.8863    4.3606    2.1584    2.6139    2.6554    2.7384    2.6657    2.7080

  603 至 616 列

   -1.6123   -1.4510   -1.4740    1.5325    0.9985    0.8674    0.8769    0.5810    0.7242    0.4655    0.2443    0.2322   -1.6254   -1.6512
    2.7926    2.7146    2.7577    3.3822    4.2823    4.3606    4.4086    3.5190    4.3867    3.5361    0.3656    0.3734    2.6139    2.6554

  617 至 630 列

    0.2199   -1.5390   -1.5635    0.2073   -1.4740    0.1945    0.1549    0.8674    0.5810    0.7242    0.4655    0.3496   -1.9067   -1.7915
    0.3808    2.6657    2.7080    0.3878    2.7577    0.3944    0.4115    4.3606    3.5190    4.3867    3.5361    3.5495    2.6608    2.6812

  631 至 644 列

   -1.8186   -1.6254   -1.6512   -1.7028   -1.5390   -1.5635   -1.6123   -1.4510   -1.4740    1.6423   -1.0156   -1.3830    1.5325   -0.9477
    2.7218    2.6139    2.6554    2.7384    2.6657    2.7080    2.7926    2.7146    2.7577    3.3303    2.0595    2.8044    3.3822    2.0916

  645 至 658 列

    0.9985    0.8674    0.5810    0.7242    0.4655    0.3496   -1.6254   -1.6512   -1.7028   -1.5390   -1.5635   -1.4740    1.6423   -1.0156
    4.2823    4.3606    3.5190    4.3867    3.5361    3.5495    2.6139    2.6554    2.7384    2.6657    2.7080    2.7577    3.3303    2.0595

  659 至 672 列

    1.5325   -0.9477    0.8674    0.5810    0.7242    0.4655    0.3496   -1.6254   -1.6512   -1.5390   -1.5635   -1.4510   -1.4740    1.1381
    3.3822    2.0916    4.3606    3.5190    4.3867    3.5361    3.5495    2.6139    2.6554    2.6657    2.7080    2.7146    2.7577    4.2474

  673 至 686 列

    0.9985    0.8674    0.8769    0.5810    0.7242    0.4655    0.3496   -1.6254   -1.6512   -1.7028   -1.5390   -1.5635   -1.6123   -1.0825
    4.2823    4.3606    4.4086    3.5190    4.3867    3.5361    3.5495    2.6139    2.6554    2.7384    2.6657    2.7080    2.7926    2.0252

  687 至 700 列

   -1.4510   -1.4740   -1.0156    0.1815    0.1683    0.1549    0.8674    0.5810    0.7242    0.4655    0.3496   -1.9067   -1.6254   -1.6512
    2.7146    2.7577    2.0595    0.4005    0.4062    0.4115    4.3606    3.5190    4.3867    3.5361    3.5495    2.6608    2.6139    2.6554

  701 至 714 列

   -1.7028   -1.5390   -1.5635   -1.6123   -1.4510   -1.4740    1.5325    0.8674    0.5810    0.7242    0.4655    0.3496   -1.7915   -1.6254
    2.7384    2.6657    2.7080    2.7926    2.7146    2.7577    3.3822    4.3606    3.5190    4.3867    3.5361    3.5495    2.6812    2.6139

  715 至 728 列

   -1.6512   -1.7028   -1.5390   -1.5635   -1.6123   -1.4510   -1.4740    1.6423    1.5325    0.8674    0.8769    0.5810    0.7242    0.7322
    2.6554    2.7384    2.6657    2.7080    2.7926    2.7146    2.7577    3.3303    3.3822    4.3606    4.4086    3.5190    4.3867    4.4349

  729 至 742 列

    0.4655    0.3496   -1.6254   -1.6512   -1.5390   -1.5635   -1.4740    0.8674    0.5810    0.7242    0.4655    0.3496   -1.7915   -1.6254
    3.5361    3.5495    2.6139    2.6554    2.6657    2.7080    2.7577    4.3606    3.5190    4.3867    3.5361    3.5495    2.6812    2.6139

  743 至 756 列

   -1.6512   -1.7028   -1.5390   -1.5635   -1.6123   -1.4510   -1.4740    0.1683    0.1549    0.8674    0.5810    0.4655    0.3496   -1.7915
    2.6554    2.7384    2.6657    2.7080    2.7926    2.7146    2.7577    0.4062    0.4115    4.3606    3.5190    3.5361    3.5495    2.6812

  757 至 770 列

   -1.6254   -1.6512   -1.7028   -1.5390   -1.5635   -1.6123   -1.0825   -1.4510   -1.4740   -1.0156   -0.9477    1.0429    0.8674    0.5810
    2.6139    2.6554    2.7384    2.6657    2.7080    2.7926    2.0252    2.7146    2.7577    2.0595    2.0916    4.4727    4.3606    3.5190

  771 至 784 列

    0.4655   -1.7915   -1.6254   -1.6512   -1.7028   -1.5390   -1.5635   -1.6123   -1.4510   -1.4740    1.5325    0.8674    0.8769    0.5810
    3.5361    2.6812    2.6139    2.6554    2.7384    2.6657    2.7080    2.7926    2.7146    2.7577    3.3822    4.3606    4.4086    3.5190

  785 至 798 列

    0.7242    0.7322    0.4655    0.3496   -1.6254   -1.6512   -1.7028   -1.5390   -1.5635   -1.4740    1.6423    1.5325    0.1549    0.8674
    4.3867    4.4349    3.5361    3.5495    2.6139    2.6554    2.7384    2.6657    2.7080    2.7577    3.3303    3.3822    0.4115    4.3606

  799 至 812 列

    0.5810    0.7242    0.4655    0.3496   -1.6254   -1.6512   -1.7028   -1.5390   -1.5635   -1.6123   -1.0825   -1.4510   -1.4740   -1.0156
    3.5190    4.3867    3.5361    3.5495    2.6139    2.6554    2.7384    2.6657    2.7080    2.7926    2.0252    2.7146    2.7577    2.0595

  813 至 826 列

   -0.9477    0.8674    0.5810    0.4655    0.3496    2.4611   -1.6254   -1.6512   -1.7028   -1.5390   -1.5635   -1.6123   -1.4510   -1.4740
    2.0916    4.3606    3.5190    3.5361    3.5495    2.1584    2.6139    2.6554    2.7384    2.6657    2.7080    2.7926    2.7146    2.7577

  827 至 840 列

    1.4457    1.3192    0.9985    0.8674    0.5810    0.4655    0.3496    2.4611   -1.6254   -1.6512   -1.7028   -1.5390   -1.5635   -1.6123
    3.8410    3.8863    4.2823    4.3606    3.5190    3.5361    3.5495    2.1584    2.6139    2.6554    2.7384    2.6657    2.7080    2.7926

  841 至 854 列

   -1.4510   -1.4740    1.5325    0.9985    0.8674    0.5810    0.7242    0.4655    0.3496   -1.6254   -1.6512   -1.5390   -1.5635   -1.4740
    2.7146    2.7577    3.3822    4.2823    4.3606    3.5190    4.3867    3.5361    3.5495    2.6139    2.6554    2.6657    2.7080    2.7577

  855 至 868 列

   -1.0156    0.1549    0.8674    0.5810    0.7242    0.4655    0.3496   -1.6254   -1.6512   -1.7028   -1.5390   -1.5635   -1.4510   -1.4740
    2.0595    0.4115    4.3606    3.5190    4.3867    3.5361    3.5495    2.6139    2.6554    2.7384    2.6657    2.7080    2.7146    2.7577

  869 至 882 列

   -1.0156   -1.6254   -1.6512   -1.5390   -1.5635   -1.4740    1.6423    1.5325    0.8674    0.5810    0.7242    0.4655    0.3496   -1.6254
    2.0595    2.6139    2.6554    2.6657    2.7080    2.7577    3.3303    3.3822    4.3606    3.5190    4.3867    3.5361    3.5495    2.6139

  883 至 896 列

   -1.5390   -1.5635   -1.4740    0.9985    0.8674    0.5810    0.7242    0.4655    0.3496   -1.7915   -1.6254   -1.6512   -1.7028   -1.5390
    2.6657    2.7080    2.7577    4.2823    4.3606    3.5190    4.3867    3.5361    3.5495    2.6812    2.6139    2.6554    2.7384    2.6657

  897 至 910 列

   -1.5635   -1.6123   -1.4510   -1.4740   -1.0156   -0.9477    0.8674    0.5810    0.4655    0.3496   -1.9067   -1.8186   -1.6254   -1.6512
    2.7080    2.7926    2.7146    2.7577    2.0595    2.0916    4.3606    3.5190    3.5361    3.5495    2.6608    2.7218    2.6139    2.6554

  911 至 924 列

   -1.7028   -1.5390   -1.5635   -1.6123   -1.4510   -1.4740   -1.0156   -0.9477    0.8674    0.8769    0.5810    0.7242    0.7322    0.4655
    2.7384    2.6657    2.7080    2.7926    2.7146    2.7577    2.0595    2.0916    4.3606    4.4086    3.5190    4.3867    4.4349    3.5361

  925 至 938 列

    0.3496   -1.7915   -1.6254   -1.6512   -1.7028   -1.5390   -1.5635   -1.6123   -1.4510   -1.4740    1.6423   -1.0156    1.5325    0.8674
    3.5495    2.6812    2.6139    2.6554    2.7384    2.6657    2.7080    2.7926    2.7146    2.7577    3.3303    2.0595    3.3822    4.3606

  939 至 952 列

    0.8769    0.5810    0.7242    0.7322    0.4655    0.3496   -1.6254   -1.6512   -1.5390   -1.5635   -1.4740    0.8674    0.5810    0.7242
    4.4086    3.5190    4.3867    4.4349    3.5361    3.5495    2.6139    2.6554    2.6657    2.7080    2.7577    4.3606    3.5190    4.3867

  953 至 966 列

    0.4655    0.3496   -1.6254   -1.6512   -1.5390   -1.5635   -1.4740    0.8543    0.8674    0.5810    0.7242    0.4655    0.3496   -1.7915
    3.5361    3.5495    2.6139    2.6554    2.6657    2.7080    2.7577    3.6638    4.3606    3.5190    4.3867    3.5361    3.5495    2.6812

  967 至 980 列

   -1.6254   -1.6512   -1.7028   -1.4413   -1.5390   -1.5635   -1.6123   -1.4510   -1.4740    0.8674    0.8769    0.7322    0.4655   -1.9067
    2.6139    2.6554    2.7384    2.4964    2.6657    2.7080    2.7926    2.7146    2.7577    4.3606    4.4086    4.4349    3.5361    2.6608

  981 至 994 列

   -1.7915   -1.8186   -1.6254   -1.6512   -1.7028   -1.5390   -1.5635   -1.4510   -1.4740   -1.0156    1.5325    0.8674    0.5810    0.7242
    2.6812    2.7218    2.6139    2.6554    2.7384    2.6657    2.7080    2.7146    2.7577    2.0595    3.3822    4.3606    3.5190    4.3867

  995 至 1008 列

    0.7322    0.4655    0.3496   -1.6254   -1.6512   -1.7028   -1.5390   -1.5635   -1.4510   -1.4740    1.6423    1.5325    0.8674    0.8864
    4.4349    3.5361    3.5495    2.6139    2.6554    2.7384    2.6657    2.7080    2.7146    2.7577    3.3303    3.3822    4.3606    4.4565

  1009 至 1022 列

    0.5810    0.7242    0.4655    0.3496   -1.6254   -1.6512   -1.5390   -1.5635   -1.4740   -1.9067   -1.8186   -1.6254   -1.6512   -1.7028
    3.5190    4.3867    3.5361    3.5495    2.6139    2.6554    2.6657    2.7080    2.7577    2.6608    2.7218    2.6139    2.6554    2.7384

  1023 至 1036 列

   -1.5390   -1.5635   -1.4510   -1.4740    0.8674    0.5810    0.7242    0.4655    0.3496   -1.6254   -1.5390   -1.5635   -1.4740    0.9985
    2.6657    2.7080    2.7146    2.7577    4.3606    3.5190    4.3867    3.5361    3.5495    2.6139    2.6657    2.7080    2.7577    4.2823

  1037 至 1050 列

    0.8674    0.5810    0.7242    0.4655    0.3496   -1.6254   -1.6512   -1.5390   -1.5635   -1.4740   -1.0156   -0.9477    0.8674    0.5810
    4.3606    3.5190    4.3867    3.5361    3.5495    2.6139    2.6554    2.6657    2.7080    2.7577    2.0595    2.0916    4.3606    3.5190

  1051 至 1064 列

    0.7242    0.4655    0.3496   -1.6254   -1.6512   -1.5390   -1.5635   -1.4510   -1.4740   -1.0156   -0.9477    0.8674    0.5810    0.4655
    4.3867    3.5361    3.5495    2.6139    2.6554    2.6657    2.7080    2.7146    2.7577    2.0595    2.0916    4.3606    3.5190    3.5361

  1065 至 1078 列

   -1.6254   -1.6512   -1.7028   -1.5390   -1.5635   -1.4510   -1.4740   -1.0156   -0.9477    0.8674    0.5810    0.7242    0.4655    0.3496
    2.6139    2.6554    2.7384    2.6657    2.7080    2.7146    2.7577    2.0595    2.0916    4.3606    3.5190    4.3867    3.5361    3.5495

  1079 至 1092 列

   -1.6254   -1.6512   -1.5390   -1.5635   -1.4740    0.8674    0.5810    0.7242    0.4655    0.3496   -1.7101   -1.6254   -1.6512   -1.5390
    2.6139    2.6554    2.6657    2.7080    2.7577    4.3606    3.5190    4.3867    3.5361    3.5495    2.5593    2.6139    2.6554    2.6657

  1093 至 1106 列

   -1.5635   -1.4740   -1.0156   -0.9477    0.8674    0.5810    0.7242    0.4655    0.3496   -1.6254   -1.6512   -1.5390   -1.5635   -1.4510
    2.7080    2.7577    2.0595    2.0916    4.3606    3.5190    4.3867    3.5361    3.5495    2.6139    2.6554    2.6657    2.7080    2.7146

  1107 至 1120 列

   -1.4740    0.5810    0.4655   -1.7101   -1.6254   -1.6512   -1.5390   -1.5635   -1.4740    1.6423    1.5325    1.3192    0.9985    0.8674
    2.7577    3.5190    3.5361    2.5593    2.6139    2.6554    2.6657    2.7080    2.7577    3.3303    3.3822    3.8863    4.2823    4.3606

  1121 至 1134 列

    0.5810    0.7242    0.4655    0.3496   -1.6254   -1.5390   -1.5635   -1.4740    0.8674    0.5810    0.7242    0.4655    0.3496   -1.7101
    3.5190    4.3867    3.5361    3.5495    2.6139    2.6657    2.7080    2.7577    4.3606    3.5190    4.3867    3.5361    3.5495    2.5593

  1135 至 1148 列

   -1.6254   -1.5390   -1.5635   -1.4740    2.5304    2.4611   -1.6254   -1.6512   -1.5390   -1.5635   -1.4740    1.6423    1.5325    0.8674
    2.6139    2.6657    2.7080    2.7577    2.0767    2.1584    2.6139    2.6554    2.6657    2.7080    2.7577    3.3303    3.3822    4.3606

  1149 至 1162 列

    0.5810    0.7242    0.4655   -1.6254   -1.6512   -1.5390   -1.5635   -1.4740    1.6423    1.5325    0.8674    0.5810    0.7242    0.4655
    3.5190    4.3867    3.5361    2.6139    2.6554    2.6657    2.7080    2.7577    3.3303    3.3822    4.3606    3.5190    4.3867    3.5361

  1163 至 1176 列

   -1.6254   -1.6512   -1.5390   -1.5635   -1.4510   -1.4740    0.8674    0.5810    0.7242    0.3061    0.4655    0.3496   -1.6254   -1.6512
    2.6139    2.6554    2.6657    2.7080    2.7146    2.7577    4.3606    3.5190    4.3867    2.3251    3.5361    3.5495    2.6139    2.6554

  1177 至 1190 列

   -1.5390   -1.5635   -1.4740    0.5810    0.4655    0.3496   -1.6254   -1.6512   -1.5390   -1.5635   -1.4740    0.5810    0.4655   -1.6254
    2.6657    2.7080    2.7577    3.5190    3.5361    3.5495    2.6139    2.6554    2.6657    2.7080    2.7577    3.5190    3.5361    2.6139

  1191 至 1204 列

   -1.5390   -1.5635   -1.4740    0.9985    0.8674    0.5810    0.7242    0.4655    0.3496   -1.6254   -1.6512   -1.5390   -1.5635   -1.4740
    2.6657    2.7080    2.7577    4.2823    4.3606    3.5190    4.3867    3.5361    3.5495    2.6139    2.6554    2.6657    2.7080    2.7577

  1205 至 1218 列

    0.8674    0.5810    0.7242    0.4655    0.3496   -1.6254   -1.6512   -1.5390   -1.5635   -1.4740    0.8674    0.5810    0.7242    0.4655
    4.3606    3.5190    4.3867    3.5361    3.5495    2.6139    2.6554    2.6657    2.7080    2.7577    4.3606    3.5190    4.3867    3.5361

  1219 至 1232 列

   -1.6254   -1.5390   -1.5635   -1.4740    1.4457    1.3192    0.5810    0.4655    2.5304    2.4611   -1.6254   -1.6512   -1.5390   -1.5635
    2.6139    2.6657    2.7080    2.7577    3.8410    3.8863    3.5190    3.5361    2.0767    2.1584    2.6139    2.6554    2.6657    2.7080

  1233 至 1246 列

   -1.4510   -1.4740    1.6423    1.5325    0.9985    0.8674    0.5810    0.7242    0.4655   -1.6254   -1.5390   -1.5635   -1.4740    1.1381
    2.7146    2.7577    3.3303    3.3822    4.2823    4.3606    3.5190    4.3867    3.5361    2.6139    2.6657    2.7080    2.7577    4.2474

  1247 至 1260 列

    0.9985    0.8674    0.5810    0.7242    0.4655    0.3496   -1.7101   -1.6254   -1.6512   -1.7028   -1.5390   -1.5635   -1.4510   -1.4740
    4.2823    4.3606    3.5190    4.3867    3.5361    3.5495    2.5593    2.6139    2.6554    2.7384    2.6657    2.7080    2.7146    2.7577

  1261 至 1274 列

   -0.9477    0.8674    0.5810    0.7242    0.4655    2.5970    2.5304    2.4611    0.8674    0.5810    0.7242    0.4655    2.4611   -1.6254
    2.0916    4.3606    3.5190    4.3867    3.5361    1.9928    2.0767    2.1584    4.3606    3.5190    4.3867    3.5361    2.1584    2.6139

  1275 至 1288 列

   -1.6512   -1.7028   -1.5390   -1.5635   -1.6123   -1.4510   -1.4740   -1.0156   -0.9477    1.0096    0.8674    0.5810    0.4655    0.3496
    2.6554    2.7384    2.6657    2.7080    2.7926    2.7146    2.7577    2.0595    2.0916    4.3299    4.3606    3.5190    3.5361    3.5495

  1289 至 1302 列

   -1.6254   -1.6512   -1.5390   -1.5635   -1.4740    0.8674    0.5810    0.7242    0.4655    0.3496   -1.7101   -1.6254   -1.6512   -1.7028
    2.6139    2.6554    2.6657    2.7080    2.7577    4.3606    3.5190    4.3867    3.5361    3.5495    2.5593    2.6139    2.6554    2.7384

  1303 至 1316 列

   -1.5390   -1.5635   -1.6123   -1.4740    0.9737    0.8674    0.5810    0.7242    0.4655   -1.8186   -1.6254   -1.6512   -1.7028   -1.5390
    2.6657    2.7080    2.7926    2.7577    3.6339    4.3606    3.5190    4.3867    3.5361    2.7218    2.6139    2.6554    2.7384    2.6657

  1317 至 1330 列

   -1.5635   -1.6123   -1.4510   -1.4740   -1.0156   -0.9477   -0.8788    1.0096    0.8674    0.5810    0.7242    0.4655    0.3496    2.4611
    2.7080    2.7926    2.7146    2.7577    2.0595    2.0916    2.1215    4.3299    4.3606    3.5190    4.3867    3.5361    3.5495    2.1584

  1331 至 1344 列

   -1.7101   -1.6254   -1.6512   -1.5390   -1.5635   -1.4510   -1.4740    0.8674    0.5810    0.7242    0.4655   -1.6254   -1.6512   -1.5390
    2.5593    2.6139    2.6554    2.6657    2.7080    2.7146    2.7577    4.3606    3.5190    4.3867    3.5361    2.6139    2.6554    2.6657

  1345 至 1358 列

   -1.5635   -1.4740    1.1381    0.9985    0.8674    0.5810    0.7242    0.4655   -1.6254   -1.6512   -1.7028   -1.5390   -1.5635   -1.6123
    2.7080    2.7577    4.2474    4.2823    4.3606    3.5190    4.3867    3.5361    2.6139    2.6554    2.7384    2.6657    2.7080    2.7926

  1359 至 1372 列

   -1.4510   -1.4740    1.0096    0.8674    0.5810    0.7242    0.4655    0.3496   -1.6254   -1.6512   -1.5390   -1.5635   -1.4740    0.5810
    2.7146    2.7577    4.3299    4.3606    3.5190    4.3867    3.5361    3.5495    2.6139    2.6554    2.6657    2.7080    2.7577    3.5190

  1373 至 1386 列

    0.4655    0.3496    0.2333   -1.9067   -1.7101   -1.6254   -1.6512   -1.7028   -1.5390   -1.5635   -1.6123   -1.4510   -1.4740    0.8674
    3.5361    3.5495    3.5590    2.6608    2.5593    2.6139    2.6554    2.7384    2.6657    2.7080    2.7926    2.7146    2.7577    4.3606

  1387 至 1400 列

    0.5810    0.7242    0.4655    0.3496    2.4611   -1.7915   -1.6254   -1.6512   -1.7028   -1.5390   -1.5635   -1.6123   -1.0825   -1.4510
    3.5190    4.3867    3.5361    3.5495    2.1584    2.6812    2.6139    2.6554    2.7384    2.6657    2.7080    2.7926    2.0252    2.7146

  1401 至 1414 列

   -1.4740   -1.0156    0.8674    0.5810    0.4655    0.3496   -1.6254   -1.6512   -1.7028   -1.5390   -1.5635   -1.4510   -1.4740   -1.0156
    2.7577    2.0595    4.3606    3.5190    3.5361    3.5495    2.6139    2.6554    2.7384    2.6657    2.7080    2.7146    2.7577    2.0595

  1415 至 1428 列

   -0.9477   -0.8788    0.8674    0.5810    0.7242    0.4655    0.3496   -1.5996   -1.6254   -1.5146   -1.5390   -1.5635   -1.4510   -1.4740
    2.0916    2.1215    4.3606    3.5190    4.3867    3.5361    3.5495    2.5724    2.6139    2.6234    2.6657    2.7080    2.7146    2.7577

  1429 至 1442 列

    0.8674    0.7242   -1.6254   -1.6512   -1.7028   -1.5390   -1.5635   -1.4510   -1.4740    0.8674    0.5810    0.7242    0.4655    0.3496
    4.3606    4.3867    2.6139    2.6554    2.7384    2.6657    2.7080    2.7146    2.7577    4.3606    3.5190    4.3867    3.5361    3.5495

  1443 至 1456 列

   -1.6254   -1.5390   -1.5635   -1.4510   -1.4740    1.1381    0.9985    0.8674    0.8769    0.5810    0.7242    0.7322    0.4655    0.3496
    2.6139    2.6657    2.7080    2.7146    2.7577    4.2474    4.2823    4.3606    4.4086    3.5190    4.3867    4.4349    3.5361    3.5495

  1457 至 1470 列

    2.5304    2.4611   -1.6254   -1.5390   -1.5635   -1.4740    1.6423    1.5325    1.4457    1.3192    0.9985    0.8674    0.5810    0.7242
    2.0767    2.1584    2.6139    2.6657    2.7080    2.7577    3.3303    3.3822    3.8410    3.8863    4.2823    4.3606    3.5190    4.3867

  1471 至 1484 列

    0.4655   -1.7101    0.2322   -1.6254    0.2199   -1.5390   -1.5635    0.2073   -1.4740    0.9737    0.4655   -1.7915   -1.6254   -1.6512
    3.5361    2.5593    0.3734    2.6139    0.3808    2.6657    2.7080    0.3878    2.7577    3.6339    3.5361    2.6812    2.6139    2.6554

  1485 至 1498 列

   -1.7028   -1.5390   -1.5635   -1.6123   -1.4510   -1.4740    0.8674    0.5810    0.7242    0.4655    0.3496   -1.6254   -1.6512   -1.5390
    2.7384    2.6657    2.7080    2.7926    2.7146    2.7577    4.3606    3.5190    4.3867    3.5361    3.5495    2.6139    2.6554    2.6657

  1499 至 1512 列

   -1.5635   -1.4510   -1.4740    1.1381    0.8674    0.8769    0.5810    0.7242    0.7322    0.4655    0.3496   -1.7915   -1.6254   -1.6512
    2.7080    2.7146    2.7577    4.2474    4.3606    4.4086    3.5190    4.3867    4.4349    3.5361    3.5495    2.6812    2.6139    2.6554

  1513 至 1526 列

   -1.7028   -1.5390   -1.5635   -1.4510   -1.4740    0.5810    0.4655    0.3496   -1.6254   -1.5390   -1.5635    0.5810    0.4655    0.3496
    2.7384    2.6657    2.7080    2.7146    2.7577    3.5190    3.5361    3.5495    2.6139    2.6657    2.7080    3.5190    3.5361    3.5495

  1527 至 1540 列

   -1.6254   -1.6512   -1.5390   -1.5635   -1.4510   -1.4740   -1.0156   -0.9477    0.8674    0.5810    0.7242    0.4655    0.3496    2.5304
    2.6139    2.6554    2.6657    2.7080    2.7146    2.7577    2.0595    2.0916    4.3606    3.5190    4.3867    3.5361    3.5495    2.0767

  1541 至 1554 列

    2.4611   -1.6254   -1.6512   -1.5390   -1.5635   -1.4740    1.6423    1.5325    0.9985    0.8674    0.5810    0.7242    0.4655   -1.6254
    2.1584    2.6139    2.6554    2.6657    2.7080    2.7577    3.3303    3.3822    4.2823    4.3606    3.5190    4.3867    3.5361    2.6139

  1555 至 1568 列

   -1.5390    1.1381    0.9985    0.8674    0.5810    0.7242    0.4655    0.3496   -1.6254   -1.6512   -1.5390   -1.5635   -1.4740    0.8674
    2.6657    4.2474    4.2823    4.3606    3.5190    4.3867    3.5361    3.5495    2.6139    2.6554    2.6657    2.7080    2.7577    4.3606

  1569 至 1582 列

    0.5810    0.7242    0.4655    0.3496    2.5304    2.4611   -1.6254   -1.6512   -1.7028   -1.5390   -1.5635   -1.4740    1.4457    0.8674
    3.5190    4.3867    3.5361    3.5495    2.0767    2.1584    2.6139    2.6554    2.7384    2.6657    2.7080    2.7577    3.8410    4.3606

  1583 至 1596 列

    0.5810    0.7242    0.4655    0.3496    2.5304    2.4611   -1.6254   -1.6512   -1.7028   -1.5390   -1.5635   -1.4510   -1.4740    1.5325
    3.5190    4.3867    3.5361    3.5495    2.0767    2.1584    2.6139    2.6554    2.7384    2.6657    2.7080    2.7146    2.7577    3.3822

  1597 至 1610 列

    0.9985    0.8674    0.5810    0.7242    0.4655    0.3496    2.4611   -1.6254   -1.6512   -1.7028   -1.5390   -1.5635   -1.4510   -1.4740
    4.2823    4.3606    3.5190    4.3867    3.5361    3.5495    2.1584    2.6139    2.6554    2.7384    2.6657    2.7080    2.7146    2.7577

  1611 至 1624 列

    1.5325    1.1381    0.9985    0.8674    0.5810    0.7242    0.4655    0.3496   -1.9067   -1.7915   -1.8186   -1.6254   -1.6512   -1.7028
    3.3822    4.2474    4.2823    4.3606    3.5190    4.3867    3.5361    3.5495    2.6608    2.6812    2.7218    2.6139    2.6554    2.7384

  1625 至 1638 列

   -1.5390   -1.5635   -1.6123   -1.4510   -1.4740    0.8674    0.5810    0.7242    0.4655    0.3496   -1.6254   -1.6512   -1.5390   -1.5635
    2.6657    2.7080    2.7926    2.7146    2.7577    4.3606    3.5190    4.3867    3.5361    3.5495    2.6139    2.6554    2.6657    2.7080

  1639 至 1652 列

   -1.4510   -1.4740    0.8674    0.5810    0.4655    0.3496   -1.6254   -1.6512   -1.5390   -1.5635   -1.4740    0.5810    0.4655    0.3496
    2.7146    2.7577    4.3606    3.5190    3.5361    3.5495    2.6139    2.6554    2.6657    2.7080    2.7577    3.5190    3.5361    3.5495

  1653 至 1666 列

    2.4611   -1.7915   -1.6254   -1.6512   -1.7028   -1.5390   -1.5635   -1.6123   -1.4510   -1.4740    0.8674    0.5810    0.7242    0.4655
    2.1584    2.6812    2.6139    2.6554    2.7384    2.6657    2.7080    2.7926    2.7146    2.7577    4.3606    3.5190    4.3867    3.5361

  1667 至 1680 列

    0.3496   -1.6254   -1.6512   -1.5390   -1.5635   -1.4510   -1.4740    0.8674    0.5810    0.7242    0.4655    0.3496    2.5304    2.4611
    3.5495    2.6139    2.6554    2.6657    2.7080    2.7146    2.7577    4.3606    3.5190    4.3867    3.5361    3.5495    2.0767    2.1584

  1681 至 1694 列

   -1.6254   -1.6512   -1.5390   -1.5635   -1.4740    1.6423    0.9985    0.8674    0.5810    0.7242    0.4655   -1.6254   -1.6512   -1.5390
    2.6139    2.6554    2.6657    2.7080    2.7577    3.3303    4.2823    4.3606    3.5190    4.3867    3.5361    2.6139    2.6554    2.6657

  1695 至 1708 列

   -1.5635   -1.4740    1.6423    1.5325    0.8674    0.5810    0.7242    0.4655    2.5304    2.4611   -1.7915   -1.6254   -1.6512   -1.7028
    2.7080    2.7577    3.3303    3.3822    4.3606    3.5190    4.3867    3.5361    2.0767    2.1584    2.6812    2.6139    2.6554    2.7384

  1709 至 1722 列

   -1.5390   -1.5635   -1.6123   -1.4510   -1.4740   -1.0156    1.1381    0.9985    0.8674    0.5810    0.7242    0.4655    0.3496   -1.6254
    2.6657    2.7080    2.7926    2.7146    2.7577    2.0595    4.2474    4.2823    4.3606    3.5190    4.3867    3.5361    3.5495    2.6139

  1723 至 1736 列

   -1.6512   -1.7028   -1.5390   -1.5635   -1.6123   -1.0825   -1.4510   -1.4740   -1.0156   -0.9477    0.8674    0.5810    0.7242    0.4655
    2.6554    2.7384    2.6657    2.7080    2.7926    2.0252    2.7146    2.7577    2.0595    2.0916    4.3606    3.5190    4.3867    3.5361

  1737 至 1750 列

    0.3496   -1.6254   -1.6512   -1.5390   -1.5635   -1.4740    1.6423    1.5325    0.8674    0.5810    0.4655    0.3496   -1.6254   -1.6512
    3.5495    2.6139    2.6554    2.6657    2.7080    2.7577    3.3303    3.3822    4.3606    3.5190    3.5361    3.5495    2.6139    2.6554

  1751 至 1764 列

   -1.5390   -1.5635   -1.4740    1.6423    1.5325    1.3192    0.8674    0.5810    0.7242    0.4655   -1.6254   -1.6512   -1.7028   -1.5390
    2.6657    2.7080    2.7577    3.3303    3.3822    3.8863    4.3606    3.5190    4.3867    3.5361    2.6139    2.6554    2.7384    2.6657

  1765 至 1778 列

   -1.5635   -1.4510   -1.4740    0.9985    0.8674    0.5810    0.7242    0.4655    0.3496   -1.6254   -1.6512   -1.5390   -1.5635   -1.4740
    2.7080    2.7146    2.7577    4.2823    4.3606    3.5190    4.3867    3.5361    3.5495    2.6139    2.6554    2.6657    2.7080    2.7577

  1779 至 1792 列

    0.8674    0.5810    0.7242    0.4655    0.3496    2.5304    2.4611   -1.6254   -1.6512   -1.5390   -1.5635   -1.4510   -1.4740    1.0096
    4.3606    3.5190    4.3867    3.5361    3.5495    2.0767    2.1584    2.6139    2.6554    2.6657    2.7080    2.7146    2.7577    4.3299

  1793 至 1806 列

    0.8674    0.5810    0.7242    0.4655    0.3496    0.3221   -1.6254   -1.6512   -1.5390   -1.5635   -1.4740    1.6423    1.5325    1.3192
    4.3606    3.5190    4.3867    3.5361    3.5495    0.3673    2.6139    2.6554    2.6657    2.7080    2.7577    3.3303    3.3822    3.8863

  1807 至 1820 列

    0.8674    0.5810    0.4655    0.3496   -1.6254   -1.5390   -1.5635   -1.4740    1.1381    0.9985    0.8674    0.5810    0.7242    0.4655
    4.3606    3.5190    3.5361    3.5495    2.6139    2.6657    2.7080    2.7577    4.2474    4.2823    4.3606    3.5190    4.3867    3.5361

  1821 至 1834 列

    0.3496   -1.6254   -1.6512   -1.5390   -1.5635   -1.4510   -1.4740    0.8674    0.5810    0.7242    0.4655    0.3496   -1.6254   -1.6512
    3.5495    2.6139    2.6554    2.6657    2.7080    2.7146    2.7577    4.3606    3.5190    4.3867    3.5361    3.5495    2.6139    2.6554

  1835 至 1848 列

   -1.7028   -1.5390   -1.5635   -1.6123   -1.4510   -1.4740    0.8674    0.5810    0.7242    0.4655    0.3496    2.5304   -1.6254   -1.5390
    2.7384    2.6657    2.7080    2.7926    2.7146    2.7577    4.3606    3.5190    4.3867    3.5361    3.5495    2.0767    2.6139    2.6657

  1849 至 1862 列

    1.4457    1.3192    0.9737    0.8674    0.5810    0.4655   -1.6254   -1.5390   -1.5635   -1.4740    1.1381    0.9985    0.8674    0.5810
    3.8410    3.8863    3.6339    4.3606    3.5190    3.5361    2.6139    2.6657    2.7080    2.7577    4.2474    4.2823    4.3606    3.5190

  1863 至 1876 列

    0.7242    0.4655    0.3496   -1.6254   -1.6512   -1.5390   -1.5635   -1.4510   -1.4740    0.8674    0.5810    0.7242    0.4655    0.3496
    4.3867    3.5361    3.5495    2.6139    2.6554    2.6657    2.7080    2.7146    2.7577    4.3606    3.5190    4.3867    3.5361    3.5495

  1877 至 1890 列

   -1.6254   -1.6512   -1.7028   -1.5390   -1.5635   -1.6123   -1.4510   -1.4740    0.8674    0.5810    0.7242    0.4655    0.3496    2.4611
    2.6139    2.6554    2.7384    2.6657    2.7080    2.7926    2.7146    2.7577    4.3606    3.5190    4.3867    3.5361    3.5495    2.1584

  1891 至 1904 列

   -1.6254   -1.6512   -1.5390   -1.5635   -1.4740    1.6423    1.5325    1.3192    0.9985    0.8674    0.5810    0.4655   -1.6254   -1.5390
    2.6139    2.6554    2.6657    2.7080    2.7577    3.3303    3.3822    3.8863    4.2823    4.3606    3.5190    3.5361    2.6139    2.6657

  1905 至 1918 列

   -1.5635   -1.4740    1.1381    0.9985    0.8674    0.5810    0.7242    0.4655    0.3496   -1.7915   -1.6254   -1.6512   -1.7028   -1.5390
    2.7080    2.7577    4.2474    4.2823    4.3606    3.5190    4.3867    3.5361    3.5495    2.6812    2.6139    2.6554    2.7384    2.6657

  1919 至 1932 列

   -1.5635   -1.6123   -1.4510   -1.4740   -1.0156    1.0429    0.8674    0.4655   -1.7915   -1.6254   -1.6512   -1.7028   -1.5390   -1.5635
    2.7080    2.7926    2.7146    2.7577    2.0595    4.4727    4.3606    3.5361    2.6812    2.6139    2.6554    2.7384    2.6657    2.7080

  1933 至 1946 列

   -1.6123   -1.4510   -1.4740    0.8674    0.5810    0.7242    0.4655    0.3496    2.5970    2.5304    2.4611    1.6423    0.8674    0.5810
    2.7926    2.7146    2.7577    4.3606    3.5190    4.3867    3.5361    3.5495    1.9928    2.0767    2.1584    3.3303    4.3606    3.5190

  1947 至 1960 列

    0.7242    0.4655    0.3496   -1.6254   -1.5390   -1.5635   -1.4510   -1.4740    1.1381    0.9985    0.8674    0.5810    0.7242    0.4655
    4.3867    3.5361    3.5495    2.6139    2.6657    2.7080    2.7146    2.7577    4.2474    4.2823    4.3606    3.5190    4.3867    3.5361

  1961 至 1974 列

    0.3496   -1.7915   -1.6254   -1.6512   -1.7028   -1.5390   -1.5635   -1.6123   -1.4510   -1.4740   -1.0156    0.8674    0.5810    0.7242
    3.5495    2.6812    2.6139    2.6554    2.7384    2.6657    2.7080    2.7926    2.7146    2.7577    2.0595    4.3606    3.5190    4.3867

  1975 至 1988 列

    0.4655    0.3496   -1.6254   -1.6512   -1.7028   -1.5390   -1.5635   -1.4510   -1.4740    0.8674    0.5810    0.7242    0.4655    0.3496
    3.5361    3.5495    2.6139    2.6554    2.7384    2.6657    2.7080    2.7146    2.7577    4.3606    3.5190    4.3867    3.5361    3.5495

  1989 至 2002 列

    2.5304    2.4611   -1.6254   -1.6512   -1.5390   -1.5635   -1.4740    1.6423    1.5325    1.3192    0.9985    0.8579    0.8674    0.5810
    2.0767    2.1584    2.6139    2.6554    2.6657    2.7080    2.7577    3.3303    3.3822    3.8863    4.2823    4.3127    4.3606    3.5190

  2003 至 2016 列

    0.7242    0.4655    0.3496   -1.6254   -1.6512   -1.5390   -1.5635   -1.4740    1.1381    0.8674    0.5810    0.7242    0.4655    0.3496
    4.3867    3.5361    3.5495    2.6139    2.6554    2.6657    2.7080    2.7577    4.2474    4.3606    3.5190    4.3867    3.5361    3.5495

  2017 至 2030 列

   -1.6254   -1.6512   -1.5390   -1.5635    0.2073   -1.4510   -1.4740    0.1945    0.8674    0.5810    0.7242    0.4655    0.3496    2.5304
    2.6139    2.6554    2.6657    2.7080    0.3878    2.7146    2.7577    0.3944    4.3606    3.5190    4.3867    3.5361    3.5495    2.0767

  2031 至 2044 列

    2.4611   -1.7915   -1.6254   -1.6512   -1.7028    0.2199   -1.5390   -1.5635   -1.6123    0.2073   -1.4510   -1.4740    0.1945    1.5325
    2.1584    2.6812    2.6139    2.6554    2.7384    0.3808    2.6657    2.7080    2.7926    0.3878    2.7146    2.7577    0.3944    3.3822

  2045 至 2058 列

    0.9985    0.8674    0.5810    0.7242    0.4655    0.3100   -1.6254   -1.6512   -1.7028   -1.5390   -1.5635   -1.4510   -1.4740    1.5325
    4.2823    4.3606    3.5190    4.3867    3.5361    0.3777    2.6139    2.6554    2.7384    2.6657    2.7080    2.7146    2.7577    3.3822

  2059 至 2072 列

    0.9985    0.8674    0.5810    0.7242    0.4655    0.3496   -1.6254   -1.6512   -1.7028   -1.5390   -1.5635   -1.4740    1.1381    0.9985
    4.2823    4.3606    3.5190    4.3867    3.5361    3.5495    2.6139    2.6554    2.7384    2.6657    2.7080    2.7577    4.2474    4.2823

  2073 至 2086 列

    0.8674    0.5810    0.7242    0.4655    0.3496   -1.6254   -1.6512   -1.7028   -1.5390   -1.5635   -1.4510   -1.4740    0.9985    0.8579
    4.3606    3.5190    4.3867    3.5361    3.5495    2.6139    2.6554    2.7384    2.6657    2.7080    2.7146    2.7577    4.2823    4.3127

  2087 至 2100 列

    0.8674    0.8960    0.5810    0.7242    0.4655    0.3496   -1.7101   -1.6254   -1.6512   -1.7028   -1.5390   -1.5635   -1.4510   -1.4740
    4.3606    4.5044    3.5190    4.3867    3.5361    3.5495    2.5593    2.6139    2.6554    2.7384    2.6657    2.7080    2.7146    2.7577

  2101 至 2114 列

    0.8674    0.5810    0.7242    0.4655    0.3496   -1.7915   -1.6254   -1.6512   -1.7028   -1.5390   -1.5635   -1.6123   -1.0825   -1.4510
    4.3606    3.5190    4.3867    3.5361    3.5495    2.6812    2.6139    2.6554    2.7384    2.6657    2.7080    2.7926    2.0252    2.7146

  2115 至 2128 列

   -1.4740   -1.0156   -0.9477    1.1381    0.8674    0.5810    0.7242    0.4655    0.3496   -1.6254   -1.6512   -1.5390   -1.5635   -1.4740
    2.7577    2.0595    2.0916    4.2474    4.3606    3.5190    4.3867    3.5361    3.5495    2.6139    2.6554    2.6657    2.7080    2.7577

  2129 至 2142 列

    0.8674    0.5810    0.7242    0.4655    0.3496   -1.6254   -1.6512   -1.7028   -1.5390   -1.5635   -1.4740   -1.6254   -1.6512   -1.7028
    4.3606    3.5190    4.3867    3.5361    3.5495    2.6139    2.6554    2.7384    2.6657    2.7080    2.7577    2.6139    2.6554    2.7384

  2143 至 2156 列

   -1.5390   -1.5635   -1.4510   -1.4740   -0.9477    0.8674    0.5810    0.7242    0.4655    0.3496    2.4611   -1.6254   -1.6512   -1.5390
    2.6657    2.7080    2.7146    2.7577    2.0916    4.3606    3.5190    4.3867    3.5361    3.5495    2.1584    2.6139    2.6554    2.6657

  2157 至 2170 列

   -1.5635   -1.4510   -1.4740    1.5325    0.9985    0.8674    0.5810    0.7242    0.4655    0.3496    2.5304    2.4611   -1.6254   -1.6512
    2.7080    2.7146    2.7577    3.3822    4.2823    4.3606    3.5190    4.3867    3.5361    3.5495    2.0767    2.1584    2.6139    2.6554

  2171 至 2184 列

   -1.5390   -1.5635   -1.4740    0.9985    0.8674    0.5810    0.7242    0.4655    0.3496    2.5970    2.5304    2.4611   -1.5390   -1.5635
    2.6657    2.7080    2.7577    4.2823    4.3606    3.5190    4.3867    3.5361    3.5495    1.9928    2.0767    2.1584    2.6657    2.7080

  2185 至 2198 列

    0.8674    0.5810    0.7242    0.4655   -1.6254   -1.6512   -1.5390   -1.5635   -1.4510   -1.4740    0.8674    0.5810    0.7242    0.4655
    4.3606    3.5190    4.3867    3.5361    2.6139    2.6554    2.6657    2.7080    2.7146    2.7577    4.3606    3.5190    4.3867    3.5361

  2199 至 2212 列

    0.3496    2.4611   -1.6254   -1.5390   -1.5635   -1.4740    1.6423    1.4457    1.3192    0.8674    0.5810    0.7242    0.4655   -1.6254
    3.5495    2.1584    2.6139    2.6657    2.7080    2.7577    3.3303    3.8410    3.8863    4.3606    3.5190    4.3867    3.5361    2.6139

  2213 至 2226 列

   -1.6512   -1.5390   -1.5635   -1.4740    0.8674    0.5810    0.7242    0.4655    0.3496   -1.6254   -1.6512   -1.5390   -1.5635   -1.4510
    2.6554    2.6657    2.7080    2.7577    4.3606    3.5190    4.3867    3.5361    3.5495    2.6139    2.6554    2.6657    2.7080    2.7146

  2227 至 2240 列

   -1.4740    0.8674    0.5810    0.7242    0.4655    0.3496   -1.6254   -1.6512   -1.5390   -1.5635   -1.4510   -1.4740    0.8674    0.5810
    2.7577    4.3606    3.5190    4.3867    3.5361    3.5495    2.6139    2.6554    2.6657    2.7080    2.7146    2.7577    4.3606    3.5190

  2241 至 2254 列

    0.7242    0.4655    0.3496   -1.7101   -1.6254   -1.5390   -1.5635   -1.4740    1.6423    1.3192    0.9737    0.8674    0.5810    0.4655
    4.3867    3.5361    3.5495    2.5593    2.6139    2.6657    2.7080    2.7577    3.3303    3.8863    3.6339    4.3606    3.5190    3.5361

  2255 至 2268 列

   -1.6254   -1.6512   -1.5390   -1.5635   -1.4510   -1.4740    0.8674    0.5810    0.7242    0.4655   -1.6254   -1.6512   -1.5390   -1.5635
    2.6139    2.6554    2.6657    2.7080    2.7146    2.7577    4.3606    3.5190    4.3867    3.5361    2.6139    2.6554    2.6657    2.7080

  2269 至 2282 列

   -1.4510   -1.4740    0.8674    0.8769    0.5810    0.7242    0.4655    0.3496   -1.7101   -1.6254   -1.6512   -1.5390   -1.5635   -1.4740
    2.7146    2.7577    4.3606    4.4086    3.5190    4.3867    3.5361    3.5495    2.5593    2.6139    2.6554    2.6657    2.7080    2.7577

  2283 至 2296 列

   -1.0156   -0.9477    0.8674    0.5810    0.7242    0.4655    2.4611   -1.6254   -1.6512   -1.7028   -1.5390   -1.5635   -1.6123   -1.4510
    2.0595    2.0916    4.3606    3.5190    4.3867    3.5361    2.1584    2.6139    2.6554    2.7384    2.6657    2.7080    2.7926    2.7146

  2297 至 2310 列

   -1.4740    1.1381    0.9985    0.8674    0.5810    0.7242    0.4655    0.3496   -1.6254   -1.6512   -1.5390   -1.5635   -1.4510   -1.4740
    2.7577    4.2474    4.2823    4.3606    3.5190    4.3867    3.5361    3.5495    2.6139    2.6554    2.6657    2.7080    2.7146    2.7577

  2311 至 2324 列

    0.8674    0.5810    0.7242    0.4655    0.3496   -1.6254   -1.6512   -1.5390   -1.5635   -1.4510   -1.4740    0.8674    0.5810    0.7242
    4.3606    3.5190    4.3867    3.5361    3.5495    2.6139    2.6554    2.6657    2.7080    2.7146    2.7577    4.3606    3.5190    4.3867

  2325 至 2338 列

    0.4655    0.3496   -1.6254   -1.6512   -1.5390   -1.5635   -1.4510   -1.4740    0.8674    0.5810    0.7242    0.4655   -1.7101   -1.6254
    3.5361    3.5495    2.6139    2.6554    2.6657    2.7080    2.7146    2.7577    4.3606    3.5190    4.3867    3.5361    2.5593    2.6139

  2339 至 2352 列

   -1.6512   -1.5390   -1.5635   -1.4740    1.6423    0.1815    0.1683    0.2057    0.1893    1.4457    1.3192    2.5304    2.4611   -1.6254
    2.6554    2.6657    2.7080    2.7577    3.3303    0.4005    0.4062    0.4965    0.5030    3.8410    3.8863    2.0767    2.1584    2.6139

  2353 至 2366 列

   -1.6512   -1.5390   -1.5635   -1.4740    0.9985    0.8674    0.5810    0.7242    0.4655    0.3496   -1.6254   -1.6512   -1.5390   -1.5635
    2.6554    2.6657    2.7080    2.7577    4.2823    4.3606    3.5190    4.3867    3.5361    3.5495    2.6139    2.6554    2.6657    2.7080

  2367 至 2380 列

   -1.4740    0.8674    0.5810    0.7242    0.4655    0.3496   -1.6254   -1.6512   -1.5390   -1.5635   -1.4740    1.6423    0.8674    0.5810
    2.7577    4.3606    3.5190    4.3867    3.5361    3.5495    2.6139    2.6554    2.6657    2.7080    2.7577    3.3303    4.3606    3.5190

  2381 至 2394 列

    0.4655    0.3496   -1.8186   -1.6254   -1.6512   -1.5390   -1.5635   -1.4510   -1.4740   -1.0156   -0.9477   -0.8788    0.1549    0.1893
    3.5361    3.5495    2.7218    2.6139    2.6554    2.6657    2.7080    2.7146    2.7577    2.0595    2.0916    2.1215    0.4115    0.5030

  2395 至 2408 列

    0.1728    0.8674    0.5810    0.7242    0.4655    2.5304    2.4611    2.3892   -1.6254   -1.6512   -1.5390   -1.5635   -1.4510   -1.4740
    0.5089    4.3606    3.5190    4.3867    3.5361    2.0767    2.1584    2.2377    2.6139    2.6554    2.6657    2.7080    2.7146    2.7577

  2409 至 2422 列

    1.1381    0.9985    0.8674    0.5810    0.7242    0.4655    0.3496    2.5304    2.4611    0.2846    0.9985    0.8674    0.5810    0.7242
    4.2474    4.2823    4.3606    3.5190    4.3867    3.5361    3.5495    2.0767    2.1584    0.3971    4.2823    4.3606    3.5190    4.3867

  2423 至 2436 列

    0.4655    0.3496    2.4611   -1.6254   -1.6512   -1.5390   -1.5635   -1.4510   -1.4740    0.9737    0.8543    0.8674    0.8864    0.5810
    3.5361    3.5495    2.1584    2.6139    2.6554    2.6657    2.7080    2.7146    2.7577    3.6339    3.6638    4.3606    4.4565    3.5190

  2437 至 2450 列

    0.7242    0.4655    0.3496   -1.7101   -1.6254   -1.6512   -1.5390   -1.5635   -1.4510   -1.4740    1.0096   -0.8210    0.8674    0.5810
    4.3867    3.5361    3.5495    2.5593    2.6139    2.6554    2.6657    2.7080    2.7146    2.7577    4.3299    3.5210    4.3606    3.5190

  2451 至 2464 列

    0.7242    0.4655   -1.7915   -1.6254   -1.6512   -1.7028   -1.5390   -1.5635   -1.6123   -1.0825   -1.4510   -1.4740   -1.0156   -0.9477
    4.3867    3.5361    2.6812    2.6139    2.6554    2.7384    2.6657    2.7080    2.7926    2.0252    2.7146    2.7577    2.0595    2.0916

  2465 至 2478 列

    1.1381    0.9985    0.8674    0.5810    0.7242    0.7322    0.4655    0.3496   -1.6254   -1.5390   -1.5635   -1.4740    0.9985    0.8674
    4.2474    4.2823    4.3606    3.5190    4.3867    4.4349    3.5361    3.5495    2.6139    2.6657    2.7080    2.7577    4.2823    4.3606

  2479 至 2492 列

    0.5810    0.7242    0.4655    0.3496    2.4611   -1.6254   -1.6512   -1.5390   -1.5635   -1.4740    0.1945    1.6423    0.1815    1.5325
    3.5190    4.3867    3.5361    3.5495    2.1584    2.6139    2.6554    2.6657    2.7080    2.7577    0.3944    3.3303    0.4005    3.3822

  2493 至 2506 列

    0.9985    0.8674    0.5810    0.7242    0.4655    0.3496   -1.6254   -1.6512   -1.5390   -1.5635   -1.4510   -1.4740    0.8674    0.5810
    4.2823    4.3606    3.5190    4.3867    3.5361    3.5495    2.6139    2.6554    2.6657    2.7080    2.7146    2.7577    4.3606    3.5190

  2507 至 2520 列

    0.7242    0.4655    0.3496    2.5304    2.4611   -1.7101   -1.6254   -1.6512   -1.5390   -1.5635   -1.4510   -1.4740    1.6423    1.5325
    4.3867    3.5361    3.5495    2.0767    2.1584    2.5593    2.6139    2.6554    2.6657    2.7080    2.7146    2.7577    3.3303    3.3822

  2521 至 2534 列

    0.9985    0.8674    0.5810    0.7242    0.4655    0.3496   -1.6254   -1.5390   -1.5635   -1.4740    1.5325    1.1381    0.9985    0.8674
    4.2823    4.3606    3.5190    4.3867    3.5361    3.5495    2.6139    2.6657    2.7080    2.7577    3.3822    4.2474    4.2823    4.3606

  2535 至 2548 列

    0.5810    0.7242    0.4655    0.3496   -1.6254   -1.6512   -1.5390   -1.5635   -1.4510   -1.4740    0.8674    0.5810    0.7322    0.4655
    3.5190    4.3867    3.5361    3.5495    2.6139    2.6554    2.6657    2.7080    2.7146    2.7577    4.3606    3.5190    4.4349    3.5361

  2549 至 2562 列

   -1.6254   -1.6512   -1.5390   -1.5635   -1.4740    0.8674    0.5810    0.7242    0.4655    0.3496   -1.6254   -1.6512   -1.5390   -1.5635
    2.6139    2.6554    2.6657    2.7080    2.7577    4.3606    3.5190    4.3867    3.5361    3.5495    2.6139    2.6554    2.6657    2.7080

  2563 至 2571 列

   -1.4740    1.6423    1.5325    1.4457    1.3192    0.8674    0.5810    0.7242    0.4655
    2.7577    3.3303    3.3822    3.8410    3.8863    4.3606    3.5190    4.3867    3.5361